Iteración 0
-----------
Abiertos = (2, 2)
Cerrados = 
------------------------

Iteración 1
-----------
Abiertos = (2, 3), (3, 2), (1, 2), (2, 1)
Cerrados = (2, 2)
------------------------

Iteración 2
-----------
Abiertos = (2, 4), (3, 2), (1, 3), (1, 2), (2, 1)
Cerrados = (2, 2), (2, 3)
------------------------

Iteración 3
-----------
Abiertos = (2, 5), (3, 2), (1, 4), (1, 3), (1, 2), (2, 1)
Cerrados = (2, 2), (2, 3), (2, 4)
------------------------

Iteración 4
-----------
Abiertos = (2, 6), (3, 5), (3, 2), (1, 5), (1, 4), (1, 3), (1, 2), (2, 1)
Cerrados = (2, 2), (2, 3), (2, 4), (2, 5)
------------------------

Iteración 5
-----------
Abiertos = (2, 7), (3, 6), (3, 5), (3, 2), (1, 6), (1, 5), (1, 4), (1, 3), (1, 2), (2, 1)
Cerrados = (2, 2), (2, 3), (2, 4), (2, 5), (2, 6)
------------------------

Iteración 6
-----------
Abiertos = (2, 8), (3, 7), (3, 6), (3, 5), (3, 2), (1, 7), (1, 6), (1, 5), (1, 4), (1, 3), (1, 2), (2, 1)
Cerrados = (2, 2), (2, 3), (2, 4), (2, 5), (2, 6), (2, 7)
------------------------

Iteración 7
-----------
Abiertos = (3, 8), (3, 7), (3, 6), (3, 5), (3, 2), (1, 8), (2, 9), (1, 7), (1, 6), (1, 5), (1, 4), (1, 3), (1, 2), (2, 1)
Cerrados = (2, 2), (2, 3), (2, 4), (2, 5), (2, 6), (2, 7), (2, 8)
------------------------

Iteración 8
-----------
Abiertos = (4, 8), (3, 7), (3, 6), (3, 5), (3, 2), (3, 9), (1, 8), (2, 9), (1, 7), (1, 6), (1, 5), (1, 4), (1, 3), (1, 2), (2, 1)
Cerrados = (2, 2), (2, 3), (2, 4), (2, 5), (2, 6), (2, 7), (2, 8), (3, 8)
------------------------

Iteración 9
-----------
Abiertos = (5, 8), (3, 7), (3, 6), (3, 5), (3, 2), (4, 9), (3, 9), (1, 8), (2, 9), (1, 7), (1, 6), (1, 5), (1, 4), (1, 3), (1, 2), (2, 1)
Cerrados = (2, 2), (2, 3), (2, 4), (2, 5), (2, 6), (2, 7), (2, 8), (3, 8), (4, 8)
------------------------

Iteración 10
-----------
Abiertos = (6, 8), (3, 7), (3, 6), (3, 5), (3, 2), (5, 9), (4, 9), (3, 9), (1, 8), (2, 9), (1, 7), (1, 6), (1, 5), (1, 4), (1, 3), (1, 2), (2, 1)
Cerrados = (2, 2), (2, 3), (2, 4), (2, 5), (2, 6), (2, 7), (2, 8), (3, 8), (4, 8), (5, 8)
------------------------

Iteración 11
-----------
Abiertos = (7, 8), (3, 7), (3, 6), (3, 5), (3, 2), (6, 9), (5, 9), (4, 9), (3, 9), (1, 8), (2, 9), (1, 7), (1, 6), (1, 5), (1, 4), (1, 3), (1, 2), (2, 1)
Cerrados = (2, 2), (2, 3), (2, 4), (2, 5), (2, 6), (2, 7), (2, 8), (3, 8), (4, 8), (5, 8), (6, 8)
------------------------

-----¡CAMINO ENCONTRADO!-----

Camino: (2, 2) -> (2, 3) -> (2, 4) -> (2, 5) -> (2, 6) -> (2, 7) -> (2, 8) -> (3, 8) -> (4, 8) -> (5, 8) -> (6, 8) -> (7, 8)
Coste: 22
