Iteración 0
-----------
Abiertos = (2, 2)
Cerrados = 
------------------------

Iteración 1
-----------
Abiertos = (2, 3), (3, 2), (1, 2), (2, 1)
Cerrados = (2, 2)
------------------------

Iteración 2
-----------
Abiertos = (2, 4), (3, 2), (1, 2), (1, 3), (2, 1)
Cerrados = (2, 2), (2, 3)
------------------------

Iteración 3
-----------
Abiertos = (3, 2), (1, 2), (1, 3), (1, 4), (2, 1), (2, 5)
Cerrados = (2, 2), (2, 3), (2, 4)
------------------------

Iteración 4
-----------
Abiertos = (4, 2), (1, 2), (1, 3), (1, 4), (2, 1), (2, 5), (3, 1)
Cerrados = (2, 2), (2, 3), (2, 4), (3, 2)
------------------------

Iteración 5
-----------
Abiertos = (1, 2), (1, 3), (1, 4), (2, 1), (2, 5), (3, 1), (4, 1), (5, 2)
Cerrados = (2, 2), (2, 3), (2, 4), (3, 2), (4, 2)
------------------------

Iteración 6
-----------
Abiertos = (1, 3), (1, 4), (2, 1), (2, 5), (3, 1), (4, 1), (5, 2), (0, 2), (1, 1)
Cerrados = (2, 2), (2, 3), (2, 4), (3, 2), (4, 2), (1, 2)
------------------------

Iteración 7
-----------
Abiertos = (1, 4), (2, 1), (2, 5), (3, 1), (4, 1), (5, 2), (0, 2), (0, 3), (1, 1)
Cerrados = (2, 2), (2, 3), (2, 4), (3, 2), (4, 2), (1, 2), (1, 3)
------------------------

Iteración 8
-----------
Abiertos = (2, 1), (2, 5), (3, 1), (4, 1), (5, 2), (0, 2), (0, 3), (0, 4), (1, 1), (1, 5)
Cerrados = (2, 2), (2, 3), (2, 4), (3, 2), (4, 2), (1, 2), (1, 3), (1, 4)
------------------------

Iteración 9
-----------
Abiertos = (2, 5), (3, 1), (4, 1), (5, 2), (0, 2), (0, 3), (0, 4), (1, 1), (1, 5), (2, 0)
Cerrados = (2, 2), (2, 3), (2, 4), (3, 2), (4, 2), (1, 2), (1, 3), (1, 4), (2, 1)
------------------------

Iteración 10
-----------
Abiertos = (3, 1), (4, 1), (5, 2), (0, 2), (0, 3), (0, 4), (1, 1), (1, 5), (2, 0), (2, 6)
Cerrados = (2, 2), (2, 3), (2, 4), (3, 2), (4, 2), (1, 2), (1, 3), (1, 4), (2, 1), (2, 5)
------------------------

Iteración 11
-----------
Abiertos = (4, 1), (5, 2), (0, 2), (0, 3), (0, 4), (1, 1), (1, 5), (2, 0), (2, 6), (3, 0)
Cerrados = (2, 2), (2, 3), (2, 4), (3, 2), (4, 2), (1, 2), (1, 3), (1, 4), (2, 1), (2, 5), (3, 1)
------------------------

Iteración 12
-----------
Abiertos = (5, 2), (0, 2), (0, 3), (0, 4), (1, 1), (1, 5), (2, 0), (2, 6), (3, 0), (4, 0), (5, 1)
Cerrados = (2, 2), (2, 3), (2, 4), (3, 2), (4, 2), (1, 2), (1, 3), (1, 4), (2, 1), (2, 5), (3, 1), (4, 1)
------------------------

Iteración 13
-----------
Abiertos = (0, 2), (0, 3), (0, 4), (1, 1), (1, 5), (2, 0), (2, 6), (3, 0), (4, 0), (5, 1), (6, 2)
Cerrados = (2, 2), (2, 3), (2, 4), (3, 2), (4, 2), (1, 2), (1, 3), (1, 4), (2, 1), (2, 5), (3, 1), (4, 1), (5, 2)
------------------------

Iteración 14
-----------
Abiertos = (0, 3), (0, 4), (1, 1), (1, 5), (2, 0), (2, 6), (3, 0), (4, 0), (5, 1), (6, 2), (0, 1)
Cerrados = (2, 2), (2, 3), (2, 4), (3, 2), (4, 2), (1, 2), (1, 3), (1, 4), (2, 1), (2, 5), (3, 1), (4, 1), (5, 2), (0, 2)
------------------------

Iteración 15
-----------
Abiertos = (0, 4), (1, 1), (1, 5), (2, 0), (2, 6), (3, 0), (4, 0), (5, 1), (6, 2), (0, 1)
Cerrados = (2, 2), (2, 3), (2, 4), (3, 2), (4, 2), (1, 2), (1, 3), (1, 4), (2, 1), (2, 5), (3, 1), (4, 1), (5, 2), (0, 2), (0, 3)
------------------------

Iteración 16
-----------
Abiertos = (1, 1), (1, 5), (2, 0), (2, 6), (3, 0), (4, 0), (5, 1), (6, 2), (0, 1), (0, 5)
Cerrados = (2, 2), (2, 3), (2, 4), (3, 2), (4, 2), (1, 2), (1, 3), (1, 4), (2, 1), (2, 5), (3, 1), (4, 1), (5, 2), (0, 2), (0, 3), (0, 4)
------------------------

Iteración 17
-----------
Abiertos = (1, 5), (2, 0), (2, 6), (3, 0), (4, 0), (5, 1), (6, 2), (0, 1), (0, 5), (1, 0)
Cerrados = (2, 2), (2, 3), (2, 4), (3, 2), (4, 2), (1, 2), (1, 3), (1, 4), (2, 1), (2, 5), (3, 1), (4, 1), (5, 2), (0, 2), (0, 3), (0, 4), (1, 1)
------------------------

Iteración 18
-----------
Abiertos = (2, 0), (2, 6), (3, 0), (4, 0), (5, 1), (6, 2), (0, 1), (0, 5), (1, 0), (1, 6)
Cerrados = (2, 2), (2, 3), (2, 4), (3, 2), (4, 2), (1, 2), (1, 3), (1, 4), (2, 1), (2, 5), (3, 1), (4, 1), (5, 2), (0, 2), (0, 3), (0, 4), (1, 1), (1, 5)
------------------------

Iteración 19
-----------
Abiertos = (2, 6), (3, 0), (4, 0), (5, 1), (6, 2), (0, 1), (0, 5), (1, 0), (1, 6)
Cerrados = (2, 2), (2, 3), (2, 4), (3, 2), (4, 2), (1, 2), (1, 3), (1, 4), (2, 1), (2, 5), (3, 1), (4, 1), (5, 2), (0, 2), (0, 3), (0, 4), (1, 1), (1, 5), (2, 0)
------------------------

Iteración 20
-----------
Abiertos = (3, 0), (3, 6), (4, 0), (5, 1), (6, 2), (0, 1), (0, 5), (1, 0), (1, 6), (2, 7)
Cerrados = (2, 2), (2, 3), (2, 4), (3, 2), (4, 2), (1, 2), (1, 3), (1, 4), (2, 1), (2, 5), (3, 1), (4, 1), (5, 2), (0, 2), (0, 3), (0, 4), (1, 1), (1, 5), (2, 0), (2, 6)
------------------------

Iteración 21
-----------
Abiertos = (3, 6), (4, 0), (5, 1), (6, 2), (0, 1), (0, 5), (1, 0), (1, 6), (2, 7)
Cerrados = (2, 2), (2, 3), (2, 4), (3, 2), (4, 2), (1, 2), (1, 3), (1, 4), (2, 1), (2, 5), (3, 1), (4, 1), (5, 2), (0, 2), (0, 3), (0, 4), (1, 1), (1, 5), (2, 0), (2, 6), (3, 0)
------------------------

Iteración 22
-----------
Abiertos = (4, 0), (4, 6), (5, 1), (6, 2), (0, 1), (0, 5), (1, 0), (1, 6), (2, 7), (3, 7)
Cerrados = (2, 2), (2, 3), (2, 4), (3, 2), (4, 2), (1, 2), (1, 3), (1, 4), (2, 1), (2, 5), (3, 1), (4, 1), (5, 2), (0, 2), (0, 3), (0, 4), (1, 1), (1, 5), (2, 0), (2, 6), (3, 0), (3, 6)
------------------------

Iteración 23
-----------
Abiertos = (4, 6), (5, 1), (6, 2), (0, 1), (0, 5), (1, 0), (1, 6), (2, 7), (3, 7), (5, 0)
Cerrados = (2, 2), (2, 3), (2, 4), (3, 2), (4, 2), (1, 2), (1, 3), (1, 4), (2, 1), (2, 5), (3, 1), (4, 1), (5, 2), (0, 2), (0, 3), (0, 4), (1, 1), (1, 5), (2, 0), (2, 6), (3, 0), (3, 6), (4, 0)
------------------------

Iteración 24
-----------
Abiertos = (5, 1), (6, 2), (0, 1), (0, 5), (1, 0), (1, 6), (2, 7), (3, 7), (4, 7), (5, 0), (5, 6)
Cerrados = (2, 2), (2, 3), (2, 4), (3, 2), (4, 2), (1, 2), (1, 3), (1, 4), (2, 1), (2, 5), (3, 1), (4, 1), (5, 2), (0, 2), (0, 3), (0, 4), (1, 1), (1, 5), (2, 0), (2, 6), (3, 0), (3, 6), (4, 0), (4, 6)
------------------------

Iteración 25
-----------
Abiertos = (6, 2), (0, 1), (0, 5), (1, 0), (1, 6), (2, 7), (3, 7), (4, 7), (5, 0), (5, 6), (6, 1)
Cerrados = (2, 2), (2, 3), (2, 4), (3, 2), (4, 2), (1, 2), (1, 3), (1, 4), (2, 1), (2, 5), (3, 1), (4, 1), (5, 2), (0, 2), (0, 3), (0, 4), (1, 1), (1, 5), (2, 0), (2, 6), (3, 0), (3, 6), (4, 0), (4, 6), (5, 1)
------------------------

Iteración 26
-----------
Abiertos = (6, 3), (0, 1), (0, 5), (1, 0), (1, 6), (2, 7), (3, 7), (4, 7), (5, 0), (5, 6), (6, 1), (7, 2)
Cerrados = (2, 2), (2, 3), (2, 4), (3, 2), (4, 2), (1, 2), (1, 3), (1, 4), (2, 1), (2, 5), (3, 1), (4, 1), (5, 2), (0, 2), (0, 3), (0, 4), (1, 1), (1, 5), (2, 0), (2, 6), (3, 0), (3, 6), (4, 0), (4, 6), (5, 1), (6, 2)
------------------------

Iteración 27
-----------
Abiertos = (6, 4), (0, 1), (0, 5), (1, 0), (1, 6), (2, 7), (3, 7), (4, 7), (5, 0), (5, 6), (6, 1), (7, 2), (7, 3)
Cerrados = (2, 2), (2, 3), (2, 4), (3, 2), (4, 2), (1, 2), (1, 3), (1, 4), (2, 1), (2, 5), (3, 1), (4, 1), (5, 2), (0, 2), (0, 3), (0, 4), (1, 1), (1, 5), (2, 0), (2, 6), (3, 0), (3, 6), (4, 0), (4, 6), (5, 1), (6, 2), (6, 3)
------------------------

Iteración 28
-----------
Abiertos = (0, 1), (0, 5), (1, 0), (1, 6), (2, 7), (3, 7), (4, 7), (5, 0), (5, 6), (6, 1), (6, 5), (7, 2), (7, 3), (7, 4)
Cerrados = (2, 2), (2, 3), (2, 4), (3, 2), (4, 2), (1, 2), (1, 3), (1, 4), (2, 1), (2, 5), (3, 1), (4, 1), (5, 2), (0, 2), (0, 3), (0, 4), (1, 1), (1, 5), (2, 0), (2, 6), (3, 0), (3, 6), (4, 0), (4, 6), (5, 1), (6, 2), (6, 3), (6, 4)
------------------------

Iteración 29
-----------
Abiertos = (0, 5), (1, 0), (1, 6), (2, 7), (3, 7), (4, 7), (5, 0), (5, 6), (6, 1), (6, 5), (7, 2), (7, 3), (7, 4), (0, 0)
Cerrados = (2, 2), (2, 3), (2, 4), (3, 2), (4, 2), (1, 2), (1, 3), (1, 4), (2, 1), (2, 5), (3, 1), (4, 1), (5, 2), (0, 2), (0, 3), (0, 4), (1, 1), (1, 5), (2, 0), (2, 6), (3, 0), (3, 6), (4, 0), (4, 6), (5, 1), (6, 2), (6, 3), (6, 4), (0, 1)
------------------------

Iteración 30
-----------
Abiertos = (1, 0), (1, 6), (2, 7), (3, 7), (4, 7), (5, 0), (5, 6), (6, 1), (6, 5), (7, 2), (7, 3), (7, 4), (0, 0), (0, 6)
Cerrados = (2, 2), (2, 3), (2, 4), (3, 2), (4, 2), (1, 2), (1, 3), (1, 4), (2, 1), (2, 5), (3, 1), (4, 1), (5, 2), (0, 2), (0, 3), (0, 4), (1, 1), (1, 5), (2, 0), (2, 6), (3, 0), (3, 6), (4, 0), (4, 6), (5, 1), (6, 2), (6, 3), (6, 4), (0, 1), (0, 5)
------------------------

Iteración 31
-----------
Abiertos = (1, 6), (2, 7), (3, 7), (4, 7), (5, 0), (5, 6), (6, 1), (6, 5), (7, 2), (7, 3), (7, 4), (0, 0), (0, 6)
Cerrados = (2, 2), (2, 3), (2, 4), (3, 2), (4, 2), (1, 2), (1, 3), (1, 4), (2, 1), (2, 5), (3, 1), (4, 1), (5, 2), (0, 2), (0, 3), (0, 4), (1, 1), (1, 5), (2, 0), (2, 6), (3, 0), (3, 6), (4, 0), (4, 6), (5, 1), (6, 2), (6, 3), (6, 4), (0, 1), (0, 5), (1, 0)
------------------------

Iteración 32
-----------
Abiertos = (2, 7), (3, 7), (4, 7), (5, 0), (5, 6), (6, 1), (6, 5), (7, 2), (7, 3), (7, 4), (0, 0), (0, 6), (1, 7)
Cerrados = (2, 2), (2, 3), (2, 4), (3, 2), (4, 2), (1, 2), (1, 3), (1, 4), (2, 1), (2, 5), (3, 1), (4, 1), (5, 2), (0, 2), (0, 3), (0, 4), (1, 1), (1, 5), (2, 0), (2, 6), (3, 0), (3, 6), (4, 0), (4, 6), (5, 1), (6, 2), (6, 3), (6, 4), (0, 1), (0, 5), (1, 0), (1, 6)
------------------------

Iteración 33
-----------
Abiertos = (3, 7), (4, 7), (5, 0), (5, 6), (6, 1), (6, 5), (7, 2), (7, 3), (7, 4), (0, 0), (0, 6), (1, 7), (2, 8)
Cerrados = (2, 2), (2, 3), (2, 4), (3, 2), (4, 2), (1, 2), (1, 3), (1, 4), (2, 1), (2, 5), (3, 1), (4, 1), (5, 2), (0, 2), (0, 3), (0, 4), (1, 1), (1, 5), (2, 0), (2, 6), (3, 0), (3, 6), (4, 0), (4, 6), (5, 1), (6, 2), (6, 3), (6, 4), (0, 1), (0, 5), (1, 0), (1, 6), (2, 7)
------------------------

Iteración 34
-----------
Abiertos = (4, 7), (5, 0), (5, 6), (6, 1), (6, 5), (7, 2), (7, 3), (7, 4), (0, 0), (0, 6), (1, 7), (2, 8), (3, 8)
Cerrados = (2, 2), (2, 3), (2, 4), (3, 2), (4, 2), (1, 2), (1, 3), (1, 4), (2, 1), (2, 5), (3, 1), (4, 1), (5, 2), (0, 2), (0, 3), (0, 4), (1, 1), (1, 5), (2, 0), (2, 6), (3, 0), (3, 6), (4, 0), (4, 6), (5, 1), (6, 2), (6, 3), (6, 4), (0, 1), (0, 5), (1, 0), (1, 6), (2, 7), (3, 7)
------------------------

Iteración 35
-----------
Abiertos = (5, 0), (5, 6), (6, 1), (6, 5), (7, 2), (7, 3), (7, 4), (0, 0), (0, 6), (1, 7), (2, 8), (3, 8), (4, 8), (5, 7)
Cerrados = (2, 2), (2, 3), (2, 4), (3, 2), (4, 2), (1, 2), (1, 3), (1, 4), (2, 1), (2, 5), (3, 1), (4, 1), (5, 2), (0, 2), (0, 3), (0, 4), (1, 1), (1, 5), (2, 0), (2, 6), (3, 0), (3, 6), (4, 0), (4, 6), (5, 1), (6, 2), (6, 3), (6, 4), (0, 1), (0, 5), (1, 0), (1, 6), (2, 7), (3, 7), (4, 7)
------------------------

Iteración 36
-----------
Abiertos = (5, 6), (6, 1), (6, 5), (7, 2), (7, 3), (7, 4), (0, 0), (0, 6), (1, 7), (2, 8), (3, 8), (4, 8), (5, 7), (6, 0)
Cerrados = (2, 2), (2, 3), (2, 4), (3, 2), (4, 2), (1, 2), (1, 3), (1, 4), (2, 1), (2, 5), (3, 1), (4, 1), (5, 2), (0, 2), (0, 3), (0, 4), (1, 1), (1, 5), (2, 0), (2, 6), (3, 0), (3, 6), (4, 0), (4, 6), (5, 1), (6, 2), (6, 3), (6, 4), (0, 1), (0, 5), (1, 0), (1, 6), (2, 7), (3, 7), (4, 7), (5, 0)
------------------------

Iteración 37
-----------
Abiertos = (6, 1), (6, 5), (7, 2), (7, 3), (7, 4), (0, 0), (0, 6), (1, 7), (2, 8), (3, 8), (4, 8), (5, 7), (6, 0), (6, 6)
Cerrados = (2, 2), (2, 3), (2, 4), (3, 2), (4, 2), (1, 2), (1, 3), (1, 4), (2, 1), (2, 5), (3, 1), (4, 1), (5, 2), (0, 2), (0, 3), (0, 4), (1, 1), (1, 5), (2, 0), (2, 6), (3, 0), (3, 6), (4, 0), (4, 6), (5, 1), (6, 2), (6, 3), (6, 4), (0, 1), (0, 5), (1, 0), (1, 6), (2, 7), (3, 7), (4, 7), (5, 0), (5, 6)
------------------------

Iteración 38
-----------
Abiertos = (6, 5), (7, 2), (7, 3), (7, 4), (0, 0), (0, 6), (1, 7), (2, 8), (3, 8), (4, 8), (5, 7), (6, 0), (6, 6), (7, 1)
Cerrados = (2, 2), (2, 3), (2, 4), (3, 2), (4, 2), (1, 2), (1, 3), (1, 4), (2, 1), (2, 5), (3, 1), (4, 1), (5, 2), (0, 2), (0, 3), (0, 4), (1, 1), (1, 5), (2, 0), (2, 6), (3, 0), (3, 6), (4, 0), (4, 6), (5, 1), (6, 2), (6, 3), (6, 4), (0, 1), (0, 5), (1, 0), (1, 6), (2, 7), (3, 7), (4, 7), (5, 0), (5, 6), (6, 1)
------------------------

Iteración 39
-----------
Abiertos = (7, 2), (7, 3), (7, 4), (0, 0), (0, 6), (1, 7), (2, 8), (3, 8), (4, 8), (5, 7), (6, 0), (6, 6), (7, 1), (7, 5)
Cerrados = (2, 2), (2, 3), (2, 4), (3, 2), (4, 2), (1, 2), (1, 3), (1, 4), (2, 1), (2, 5), (3, 1), (4, 1), (5, 2), (0, 2), (0, 3), (0, 4), (1, 1), (1, 5), (2, 0), (2, 6), (3, 0), (3, 6), (4, 0), (4, 6), (5, 1), (6, 2), (6, 3), (6, 4), (0, 1), (0, 5), (1, 0), (1, 6), (2, 7), (3, 7), (4, 7), (5, 0), (5, 6), (6, 1), (6, 5)
------------------------

Iteración 40
-----------
Abiertos = (7, 3), (7, 4), (0, 0), (0, 6), (1, 7), (2, 8), (3, 8), (4, 8), (5, 7), (6, 0), (6, 6), (7, 1), (7, 5), (8, 2)
Cerrados = (2, 2), (2, 3), (2, 4), (3, 2), (4, 2), (1, 2), (1, 3), (1, 4), (2, 1), (2, 5), (3, 1), (4, 1), (5, 2), (0, 2), (0, 3), (0, 4), (1, 1), (1, 5), (2, 0), (2, 6), (3, 0), (3, 6), (4, 0), (4, 6), (5, 1), (6, 2), (6, 3), (6, 4), (0, 1), (0, 5), (1, 0), (1, 6), (2, 7), (3, 7), (4, 7), (5, 0), (5, 6), (6, 1), (6, 5), (7, 2)
------------------------

Iteración 41
-----------
Abiertos = (7, 4), (0, 0), (0, 6), (1, 7), (2, 8), (3, 8), (4, 8), (5, 7), (6, 0), (6, 6), (7, 1), (7, 5), (8, 2), (8, 3)
Cerrados = (2, 2), (2, 3), (2, 4), (3, 2), (4, 2), (1, 2), (1, 3), (1, 4), (2, 1), (2, 5), (3, 1), (4, 1), (5, 2), (0, 2), (0, 3), (0, 4), (1, 1), (1, 5), (2, 0), (2, 6), (3, 0), (3, 6), (4, 0), (4, 6), (5, 1), (6, 2), (6, 3), (6, 4), (0, 1), (0, 5), (1, 0), (1, 6), (2, 7), (3, 7), (4, 7), (5, 0), (5, 6), (6, 1), (6, 5), (7, 2), (7, 3)
------------------------

Iteración 42
-----------
Abiertos = (0, 0), (0, 6), (1, 7), (2, 8), (3, 8), (4, 8), (5, 7), (6, 0), (6, 6), (7, 1), (7, 5), (8, 2), (8, 3), (8, 4)
Cerrados = (2, 2), (2, 3), (2, 4), (3, 2), (4, 2), (1, 2), (1, 3), (1, 4), (2, 1), (2, 5), (3, 1), (4, 1), (5, 2), (0, 2), (0, 3), (0, 4), (1, 1), (1, 5), (2, 0), (2, 6), (3, 0), (3, 6), (4, 0), (4, 6), (5, 1), (6, 2), (6, 3), (6, 4), (0, 1), (0, 5), (1, 0), (1, 6), (2, 7), (3, 7), (4, 7), (5, 0), (5, 6), (6, 1), (6, 5), (7, 2), (7, 3), (7, 4)
------------------------

Iteración 43
-----------
Abiertos = (0, 6), (1, 7), (2, 8), (3, 8), (4, 8), (5, 7), (6, 0), (6, 6), (7, 1), (7, 5), (8, 2), (8, 3), (8, 4)
Cerrados = (2, 2), (2, 3), (2, 4), (3, 2), (4, 2), (1, 2), (1, 3), (1, 4), (2, 1), (2, 5), (3, 1), (4, 1), (5, 2), (0, 2), (0, 3), (0, 4), (1, 1), (1, 5), (2, 0), (2, 6), (3, 0), (3, 6), (4, 0), (4, 6), (5, 1), (6, 2), (6, 3), (6, 4), (0, 1), (0, 5), (1, 0), (1, 6), (2, 7), (3, 7), (4, 7), (5, 0), (5, 6), (6, 1), (6, 5), (7, 2), (7, 3), (7, 4), (0, 0)
------------------------

Iteración 44
-----------
Abiertos = (1, 7), (2, 8), (3, 8), (4, 8), (5, 7), (6, 0), (6, 6), (7, 1), (7, 5), (8, 2), (8, 3), (8, 4), (0, 7)
Cerrados = (2, 2), (2, 3), (2, 4), (3, 2), (4, 2), (1, 2), (1, 3), (1, 4), (2, 1), (2, 5), (3, 1), (4, 1), (5, 2), (0, 2), (0, 3), (0, 4), (1, 1), (1, 5), (2, 0), (2, 6), (3, 0), (3, 6), (4, 0), (4, 6), (5, 1), (6, 2), (6, 3), (6, 4), (0, 1), (0, 5), (1, 0), (1, 6), (2, 7), (3, 7), (4, 7), (5, 0), (5, 6), (6, 1), (6, 5), (7, 2), (7, 3), (7, 4), (0, 0), (0, 6)
------------------------

Iteración 45
-----------
Abiertos = (2, 8), (3, 8), (4, 8), (5, 7), (6, 0), (6, 6), (7, 1), (7, 5), (8, 2), (8, 3), (8, 4), (0, 7), (1, 8)
Cerrados = (2, 2), (2, 3), (2, 4), (3, 2), (4, 2), (1, 2), (1, 3), (1, 4), (2, 1), (2, 5), (3, 1), (4, 1), (5, 2), (0, 2), (0, 3), (0, 4), (1, 1), (1, 5), (2, 0), (2, 6), (3, 0), (3, 6), (4, 0), (4, 6), (5, 1), (6, 2), (6, 3), (6, 4), (0, 1), (0, 5), (1, 0), (1, 6), (2, 7), (3, 7), (4, 7), (5, 0), (5, 6), (6, 1), (6, 5), (7, 2), (7, 3), (7, 4), (0, 0), (0, 6), (1, 7)
------------------------

Iteración 46
-----------
Abiertos = (3, 8), (4, 8), (5, 7), (6, 0), (6, 6), (7, 1), (7, 5), (8, 2), (8, 3), (8, 4), (0, 7), (1, 8), (2, 9)
Cerrados = (2, 2), (2, 3), (2, 4), (3, 2), (4, 2), (1, 2), (1, 3), (1, 4), (2, 1), (2, 5), (3, 1), (4, 1), (5, 2), (0, 2), (0, 3), (0, 4), (1, 1), (1, 5), (2, 0), (2, 6), (3, 0), (3, 6), (4, 0), (4, 6), (5, 1), (6, 2), (6, 3), (6, 4), (0, 1), (0, 5), (1, 0), (1, 6), (2, 7), (3, 7), (4, 7), (5, 0), (5, 6), (6, 1), (6, 5), (7, 2), (7, 3), (7, 4), (0, 0), (0, 6), (1, 7), (2, 8)
------------------------

Iteración 47
-----------
Abiertos = (4, 8), (5, 7), (6, 0), (6, 6), (7, 1), (7, 5), (8, 2), (8, 3), (8, 4), (0, 7), (1, 8), (2, 9), (3, 9)
Cerrados = (2, 2), (2, 3), (2, 4), (3, 2), (4, 2), (1, 2), (1, 3), (1, 4), (2, 1), (2, 5), (3, 1), (4, 1), (5, 2), (0, 2), (0, 3), (0, 4), (1, 1), (1, 5), (2, 0), (2, 6), (3, 0), (3, 6), (4, 0), (4, 6), (5, 1), (6, 2), (6, 3), (6, 4), (0, 1), (0, 5), (1, 0), (1, 6), (2, 7), (3, 7), (4, 7), (5, 0), (5, 6), (6, 1), (6, 5), (7, 2), (7, 3), (7, 4), (0, 0), (0, 6), (1, 7), (2, 8), (3, 8)
------------------------

Iteración 48
-----------
Abiertos = (5, 7), (6, 0), (6, 6), (7, 1), (7, 5), (8, 2), (8, 3), (8, 4), (0, 7), (1, 8), (2, 9), (3, 9), (4, 9), (5, 8)
Cerrados = (2, 2), (2, 3), (2, 4), (3, 2), (4, 2), (1, 2), (1, 3), (1, 4), (2, 1), (2, 5), (3, 1), (4, 1), (5, 2), (0, 2), (0, 3), (0, 4), (1, 1), (1, 5), (2, 0), (2, 6), (3, 0), (3, 6), (4, 0), (4, 6), (5, 1), (6, 2), (6, 3), (6, 4), (0, 1), (0, 5), (1, 0), (1, 6), (2, 7), (3, 7), (4, 7), (5, 0), (5, 6), (6, 1), (6, 5), (7, 2), (7, 3), (7, 4), (0, 0), (0, 6), (1, 7), (2, 8), (3, 8), (4, 8)
------------------------

Iteración 49
-----------
Abiertos = (6, 0), (6, 6), (7, 1), (7, 5), (8, 2), (8, 3), (8, 4), (0, 7), (1, 8), (2, 9), (3, 9), (4, 9), (5, 8), (6, 7)
Cerrados = (2, 2), (2, 3), (2, 4), (3, 2), (4, 2), (1, 2), (1, 3), (1, 4), (2, 1), (2, 5), (3, 1), (4, 1), (5, 2), (0, 2), (0, 3), (0, 4), (1, 1), (1, 5), (2, 0), (2, 6), (3, 0), (3, 6), (4, 0), (4, 6), (5, 1), (6, 2), (6, 3), (6, 4), (0, 1), (0, 5), (1, 0), (1, 6), (2, 7), (3, 7), (4, 7), (5, 0), (5, 6), (6, 1), (6, 5), (7, 2), (7, 3), (7, 4), (0, 0), (0, 6), (1, 7), (2, 8), (3, 8), (4, 8), (5, 7)
------------------------

Iteración 50
-----------
Abiertos = (6, 6), (7, 1), (7, 5), (8, 2), (8, 3), (8, 4), (0, 7), (1, 8), (2, 9), (3, 9), (4, 9), (5, 8), (6, 7), (7, 0)
Cerrados = (2, 2), (2, 3), (2, 4), (3, 2), (4, 2), (1, 2), (1, 3), (1, 4), (2, 1), (2, 5), (3, 1), (4, 1), (5, 2), (0, 2), (0, 3), (0, 4), (1, 1), (1, 5), (2, 0), (2, 6), (3, 0), (3, 6), (4, 0), (4, 6), (5, 1), (6, 2), (6, 3), (6, 4), (0, 1), (0, 5), (1, 0), (1, 6), (2, 7), (3, 7), (4, 7), (5, 0), (5, 6), (6, 1), (6, 5), (7, 2), (7, 3), (7, 4), (0, 0), (0, 6), (1, 7), (2, 8), (3, 8), (4, 8), (5, 7), (6, 0)
------------------------

Iteración 51
-----------
Abiertos = (7, 1), (7, 5), (8, 2), (8, 3), (8, 4), (0, 7), (1, 8), (2, 9), (3, 9), (4, 9), (5, 8), (6, 7), (7, 0), (7, 6)
Cerrados = (2, 2), (2, 3), (2, 4), (3, 2), (4, 2), (1, 2), (1, 3), (1, 4), (2, 1), (2, 5), (3, 1), (4, 1), (5, 2), (0, 2), (0, 3), (0, 4), (1, 1), (1, 5), (2, 0), (2, 6), (3, 0), (3, 6), (4, 0), (4, 6), (5, 1), (6, 2), (6, 3), (6, 4), (0, 1), (0, 5), (1, 0), (1, 6), (2, 7), (3, 7), (4, 7), (5, 0), (5, 6), (6, 1), (6, 5), (7, 2), (7, 3), (7, 4), (0, 0), (0, 6), (1, 7), (2, 8), (3, 8), (4, 8), (5, 7), (6, 0), (6, 6)
------------------------

Iteración 52
-----------
Abiertos = (7, 5), (8, 2), (8, 3), (8, 4), (0, 7), (1, 8), (2, 9), (3, 9), (4, 9), (5, 8), (6, 7), (7, 0), (7, 6), (8, 1)
Cerrados = (2, 2), (2, 3), (2, 4), (3, 2), (4, 2), (1, 2), (1, 3), (1, 4), (2, 1), (2, 5), (3, 1), (4, 1), (5, 2), (0, 2), (0, 3), (0, 4), (1, 1), (1, 5), (2, 0), (2, 6), (3, 0), (3, 6), (4, 0), (4, 6), (5, 1), (6, 2), (6, 3), (6, 4), (0, 1), (0, 5), (1, 0), (1, 6), (2, 7), (3, 7), (4, 7), (5, 0), (5, 6), (6, 1), (6, 5), (7, 2), (7, 3), (7, 4), (0, 0), (0, 6), (1, 7), (2, 8), (3, 8), (4, 8), (5, 7), (6, 0), (6, 6), (7, 1)
------------------------

Iteración 53
-----------
Abiertos = (8, 2), (8, 3), (8, 4), (0, 7), (1, 8), (2, 9), (3, 9), (4, 9), (5, 8), (6, 7), (7, 0), (7, 6), (8, 1), (8, 5)
Cerrados = (2, 2), (2, 3), (2, 4), (3, 2), (4, 2), (1, 2), (1, 3), (1, 4), (2, 1), (2, 5), (3, 1), (4, 1), (5, 2), (0, 2), (0, 3), (0, 4), (1, 1), (1, 5), (2, 0), (2, 6), (3, 0), (3, 6), (4, 0), (4, 6), (5, 1), (6, 2), (6, 3), (6, 4), (0, 1), (0, 5), (1, 0), (1, 6), (2, 7), (3, 7), (4, 7), (5, 0), (5, 6), (6, 1), (6, 5), (7, 2), (7, 3), (7, 4), (0, 0), (0, 6), (1, 7), (2, 8), (3, 8), (4, 8), (5, 7), (6, 0), (6, 6), (7, 1), (7, 5)
------------------------

Iteración 54
-----------
Abiertos = (8, 3), (8, 4), (0, 7), (1, 8), (2, 9), (3, 9), (4, 9), (5, 8), (6, 7), (7, 0), (7, 6), (8, 1), (8, 5), (9, 2)
Cerrados = (2, 2), (2, 3), (2, 4), (3, 2), (4, 2), (1, 2), (1, 3), (1, 4), (2, 1), (2, 5), (3, 1), (4, 1), (5, 2), (0, 2), (0, 3), (0, 4), (1, 1), (1, 5), (2, 0), (2, 6), (3, 0), (3, 6), (4, 0), (4, 6), (5, 1), (6, 2), (6, 3), (6, 4), (0, 1), (0, 5), (1, 0), (1, 6), (2, 7), (3, 7), (4, 7), (5, 0), (5, 6), (6, 1), (6, 5), (7, 2), (7, 3), (7, 4), (0, 0), (0, 6), (1, 7), (2, 8), (3, 8), (4, 8), (5, 7), (6, 0), (6, 6), (7, 1), (7, 5), (8, 2)
------------------------

Iteración 55
-----------
Abiertos = (8, 4), (0, 7), (1, 8), (2, 9), (3, 9), (4, 9), (5, 8), (6, 7), (7, 0), (7, 6), (8, 1), (8, 5), (9, 2), (9, 3)
Cerrados = (2, 2), (2, 3), (2, 4), (3, 2), (4, 2), (1, 2), (1, 3), (1, 4), (2, 1), (2, 5), (3, 1), (4, 1), (5, 2), (0, 2), (0, 3), (0, 4), (1, 1), (1, 5), (2, 0), (2, 6), (3, 0), (3, 6), (4, 0), (4, 6), (5, 1), (6, 2), (6, 3), (6, 4), (0, 1), (0, 5), (1, 0), (1, 6), (2, 7), (3, 7), (4, 7), (5, 0), (5, 6), (6, 1), (6, 5), (7, 2), (7, 3), (7, 4), (0, 0), (0, 6), (1, 7), (2, 8), (3, 8), (4, 8), (5, 7), (6, 0), (6, 6), (7, 1), (7, 5), (8, 2), (8, 3)
------------------------

Iteración 56
-----------
Abiertos = (0, 7), (1, 8), (2, 9), (3, 9), (4, 9), (5, 8), (6, 7), (7, 0), (7, 6), (8, 1), (8, 5), (9, 2), (9, 3), (9, 4)
Cerrados = (2, 2), (2, 3), (2, 4), (3, 2), (4, 2), (1, 2), (1, 3), (1, 4), (2, 1), (2, 5), (3, 1), (4, 1), (5, 2), (0, 2), (0, 3), (0, 4), (1, 1), (1, 5), (2, 0), (2, 6), (3, 0), (3, 6), (4, 0), (4, 6), (5, 1), (6, 2), (6, 3), (6, 4), (0, 1), (0, 5), (1, 0), (1, 6), (2, 7), (3, 7), (4, 7), (5, 0), (5, 6), (6, 1), (6, 5), (7, 2), (7, 3), (7, 4), (0, 0), (0, 6), (1, 7), (2, 8), (3, 8), (4, 8), (5, 7), (6, 0), (6, 6), (7, 1), (7, 5), (8, 2), (8, 3), (8, 4)
------------------------

Iteración 57
-----------
Abiertos = (1, 8), (2, 9), (3, 9), (4, 9), (5, 8), (6, 7), (7, 0), (7, 6), (8, 1), (8, 5), (9, 2), (9, 3), (9, 4), (0, 8)
Cerrados = (2, 2), (2, 3), (2, 4), (3, 2), (4, 2), (1, 2), (1, 3), (1, 4), (2, 1), (2, 5), (3, 1), (4, 1), (5, 2), (0, 2), (0, 3), (0, 4), (1, 1), (1, 5), (2, 0), (2, 6), (3, 0), (3, 6), (4, 0), (4, 6), (5, 1), (6, 2), (6, 3), (6, 4), (0, 1), (0, 5), (1, 0), (1, 6), (2, 7), (3, 7), (4, 7), (5, 0), (5, 6), (6, 1), (6, 5), (7, 2), (7, 3), (7, 4), (0, 0), (0, 6), (1, 7), (2, 8), (3, 8), (4, 8), (5, 7), (6, 0), (6, 6), (7, 1), (7, 5), (8, 2), (8, 3), (8, 4), (0, 7)
------------------------

Iteración 58
-----------
Abiertos = (2, 9), (3, 9), (4, 9), (5, 8), (6, 7), (7, 0), (7, 6), (8, 1), (8, 5), (9, 2), (9, 3), (9, 4), (0, 8), (1, 9)
Cerrados = (2, 2), (2, 3), (2, 4), (3, 2), (4, 2), (1, 2), (1, 3), (1, 4), (2, 1), (2, 5), (3, 1), (4, 1), (5, 2), (0, 2), (0, 3), (0, 4), (1, 1), (1, 5), (2, 0), (2, 6), (3, 0), (3, 6), (4, 0), (4, 6), (5, 1), (6, 2), (6, 3), (6, 4), (0, 1), (0, 5), (1, 0), (1, 6), (2, 7), (3, 7), (4, 7), (5, 0), (5, 6), (6, 1), (6, 5), (7, 2), (7, 3), (7, 4), (0, 0), (0, 6), (1, 7), (2, 8), (3, 8), (4, 8), (5, 7), (6, 0), (6, 6), (7, 1), (7, 5), (8, 2), (8, 3), (8, 4), (0, 7), (1, 8)
------------------------

Iteración 59
-----------
Abiertos = (3, 9), (4, 9), (5, 8), (6, 7), (7, 0), (7, 6), (8, 1), (8, 5), (9, 2), (9, 3), (9, 4), (0, 8), (1, 9), (2, 10)
Cerrados = (2, 2), (2, 3), (2, 4), (3, 2), (4, 2), (1, 2), (1, 3), (1, 4), (2, 1), (2, 5), (3, 1), (4, 1), (5, 2), (0, 2), (0, 3), (0, 4), (1, 1), (1, 5), (2, 0), (2, 6), (3, 0), (3, 6), (4, 0), (4, 6), (5, 1), (6, 2), (6, 3), (6, 4), (0, 1), (0, 5), (1, 0), (1, 6), (2, 7), (3, 7), (4, 7), (5, 0), (5, 6), (6, 1), (6, 5), (7, 2), (7, 3), (7, 4), (0, 0), (0, 6), (1, 7), (2, 8), (3, 8), (4, 8), (5, 7), (6, 0), (6, 6), (7, 1), (7, 5), (8, 2), (8, 3), (8, 4), (0, 7), (1, 8), (2, 9)
------------------------

Iteración 60
-----------
Abiertos = (4, 9), (5, 8), (6, 7), (7, 0), (7, 6), (8, 1), (8, 5), (9, 2), (9, 3), (9, 4), (0, 8), (1, 9), (2, 10), (3, 10)
Cerrados = (2, 2), (2, 3), (2, 4), (3, 2), (4, 2), (1, 2), (1, 3), (1, 4), (2, 1), (2, 5), (3, 1), (4, 1), (5, 2), (0, 2), (0, 3), (0, 4), (1, 1), (1, 5), (2, 0), (2, 6), (3, 0), (3, 6), (4, 0), (4, 6), (5, 1), (6, 2), (6, 3), (6, 4), (0, 1), (0, 5), (1, 0), (1, 6), (2, 7), (3, 7), (4, 7), (5, 0), (5, 6), (6, 1), (6, 5), (7, 2), (7, 3), (7, 4), (0, 0), (0, 6), (1, 7), (2, 8), (3, 8), (4, 8), (5, 7), (6, 0), (6, 6), (7, 1), (7, 5), (8, 2), (8, 3), (8, 4), (0, 7), (1, 8), (2, 9), (3, 9)
------------------------

Iteración 61
-----------
Abiertos = (5, 8), (6, 7), (7, 0), (7, 6), (8, 1), (8, 5), (9, 2), (9, 3), (9, 4), (0, 8), (1, 9), (2, 10), (3, 10), (4, 10), (5, 9)
Cerrados = (2, 2), (2, 3), (2, 4), (3, 2), (4, 2), (1, 2), (1, 3), (1, 4), (2, 1), (2, 5), (3, 1), (4, 1), (5, 2), (0, 2), (0, 3), (0, 4), (1, 1), (1, 5), (2, 0), (2, 6), (3, 0), (3, 6), (4, 0), (4, 6), (5, 1), (6, 2), (6, 3), (6, 4), (0, 1), (0, 5), (1, 0), (1, 6), (2, 7), (3, 7), (4, 7), (5, 0), (5, 6), (6, 1), (6, 5), (7, 2), (7, 3), (7, 4), (0, 0), (0, 6), (1, 7), (2, 8), (3, 8), (4, 8), (5, 7), (6, 0), (6, 6), (7, 1), (7, 5), (8, 2), (8, 3), (8, 4), (0, 7), (1, 8), (2, 9), (3, 9), (4, 9)
------------------------

Iteración 62
-----------
Abiertos = (6, 7), (7, 0), (7, 6), (8, 1), (8, 5), (9, 2), (9, 3), (9, 4), (0, 8), (1, 9), (2, 10), (3, 10), (4, 10), (5, 9), (6, 8)
Cerrados = (2, 2), (2, 3), (2, 4), (3, 2), (4, 2), (1, 2), (1, 3), (1, 4), (2, 1), (2, 5), (3, 1), (4, 1), (5, 2), (0, 2), (0, 3), (0, 4), (1, 1), (1, 5), (2, 0), (2, 6), (3, 0), (3, 6), (4, 0), (4, 6), (5, 1), (6, 2), (6, 3), (6, 4), (0, 1), (0, 5), (1, 0), (1, 6), (2, 7), (3, 7), (4, 7), (5, 0), (5, 6), (6, 1), (6, 5), (7, 2), (7, 3), (7, 4), (0, 0), (0, 6), (1, 7), (2, 8), (3, 8), (4, 8), (5, 7), (6, 0), (6, 6), (7, 1), (7, 5), (8, 2), (8, 3), (8, 4), (0, 7), (1, 8), (2, 9), (3, 9), (4, 9), (5, 8)
------------------------

Iteración 63
-----------
Abiertos = (7, 0), (7, 6), (8, 1), (8, 5), (9, 2), (9, 3), (9, 4), (0, 8), (1, 9), (2, 10), (3, 10), (4, 10), (5, 9), (6, 8), (7, 7)
Cerrados = (2, 2), (2, 3), (2, 4), (3, 2), (4, 2), (1, 2), (1, 3), (1, 4), (2, 1), (2, 5), (3, 1), (4, 1), (5, 2), (0, 2), (0, 3), (0, 4), (1, 1), (1, 5), (2, 0), (2, 6), (3, 0), (3, 6), (4, 0), (4, 6), (5, 1), (6, 2), (6, 3), (6, 4), (0, 1), (0, 5), (1, 0), (1, 6), (2, 7), (3, 7), (4, 7), (5, 0), (5, 6), (6, 1), (6, 5), (7, 2), (7, 3), (7, 4), (0, 0), (0, 6), (1, 7), (2, 8), (3, 8), (4, 8), (5, 7), (6, 0), (6, 6), (7, 1), (7, 5), (8, 2), (8, 3), (8, 4), (0, 7), (1, 8), (2, 9), (3, 9), (4, 9), (5, 8), (6, 7)
------------------------

Iteración 64
-----------
Abiertos = (7, 6), (8, 1), (8, 5), (9, 2), (9, 3), (9, 4), (0, 8), (1, 9), (2, 10), (3, 10), (4, 10), (5, 9), (6, 8), (7, 7), (8, 0)
Cerrados = (2, 2), (2, 3), (2, 4), (3, 2), (4, 2), (1, 2), (1, 3), (1, 4), (2, 1), (2, 5), (3, 1), (4, 1), (5, 2), (0, 2), (0, 3), (0, 4), (1, 1), (1, 5), (2, 0), (2, 6), (3, 0), (3, 6), (4, 0), (4, 6), (5, 1), (6, 2), (6, 3), (6, 4), (0, 1), (0, 5), (1, 0), (1, 6), (2, 7), (3, 7), (4, 7), (5, 0), (5, 6), (6, 1), (6, 5), (7, 2), (7, 3), (7, 4), (0, 0), (0, 6), (1, 7), (2, 8), (3, 8), (4, 8), (5, 7), (6, 0), (6, 6), (7, 1), (7, 5), (8, 2), (8, 3), (8, 4), (0, 7), (1, 8), (2, 9), (3, 9), (4, 9), (5, 8), (6, 7), (7, 0)
------------------------

Iteración 65
-----------
Abiertos = (8, 1), (8, 5), (9, 2), (9, 3), (9, 4), (0, 8), (1, 9), (2, 10), (3, 10), (4, 10), (5, 9), (6, 8), (7, 7), (8, 0), (8, 6)
Cerrados = (2, 2), (2, 3), (2, 4), (3, 2), (4, 2), (1, 2), (1, 3), (1, 4), (2, 1), (2, 5), (3, 1), (4, 1), (5, 2), (0, 2), (0, 3), (0, 4), (1, 1), (1, 5), (2, 0), (2, 6), (3, 0), (3, 6), (4, 0), (4, 6), (5, 1), (6, 2), (6, 3), (6, 4), (0, 1), (0, 5), (1, 0), (1, 6), (2, 7), (3, 7), (4, 7), (5, 0), (5, 6), (6, 1), (6, 5), (7, 2), (7, 3), (7, 4), (0, 0), (0, 6), (1, 7), (2, 8), (3, 8), (4, 8), (5, 7), (6, 0), (6, 6), (7, 1), (7, 5), (8, 2), (8, 3), (8, 4), (0, 7), (1, 8), (2, 9), (3, 9), (4, 9), (5, 8), (6, 7), (7, 0), (7, 6)
------------------------

Iteración 66
-----------
Abiertos = (8, 5), (9, 2), (9, 3), (9, 4), (0, 8), (1, 9), (2, 10), (3, 10), (4, 10), (5, 9), (6, 8), (7, 7), (8, 0), (8, 6), (9, 1)
Cerrados = (2, 2), (2, 3), (2, 4), (3, 2), (4, 2), (1, 2), (1, 3), (1, 4), (2, 1), (2, 5), (3, 1), (4, 1), (5, 2), (0, 2), (0, 3), (0, 4), (1, 1), (1, 5), (2, 0), (2, 6), (3, 0), (3, 6), (4, 0), (4, 6), (5, 1), (6, 2), (6, 3), (6, 4), (0, 1), (0, 5), (1, 0), (1, 6), (2, 7), (3, 7), (4, 7), (5, 0), (5, 6), (6, 1), (6, 5), (7, 2), (7, 3), (7, 4), (0, 0), (0, 6), (1, 7), (2, 8), (3, 8), (4, 8), (5, 7), (6, 0), (6, 6), (7, 1), (7, 5), (8, 2), (8, 3), (8, 4), (0, 7), (1, 8), (2, 9), (3, 9), (4, 9), (5, 8), (6, 7), (7, 0), (7, 6), (8, 1)
------------------------

Iteración 67
-----------
Abiertos = (9, 2), (9, 3), (9, 4), (0, 8), (1, 9), (2, 10), (3, 10), (4, 10), (5, 9), (6, 8), (7, 7), (8, 0), (8, 6), (9, 1), (9, 5)
Cerrados = (2, 2), (2, 3), (2, 4), (3, 2), (4, 2), (1, 2), (1, 3), (1, 4), (2, 1), (2, 5), (3, 1), (4, 1), (5, 2), (0, 2), (0, 3), (0, 4), (1, 1), (1, 5), (2, 0), (2, 6), (3, 0), (3, 6), (4, 0), (4, 6), (5, 1), (6, 2), (6, 3), (6, 4), (0, 1), (0, 5), (1, 0), (1, 6), (2, 7), (3, 7), (4, 7), (5, 0), (5, 6), (6, 1), (6, 5), (7, 2), (7, 3), (7, 4), (0, 0), (0, 6), (1, 7), (2, 8), (3, 8), (4, 8), (5, 7), (6, 0), (6, 6), (7, 1), (7, 5), (8, 2), (8, 3), (8, 4), (0, 7), (1, 8), (2, 9), (3, 9), (4, 9), (5, 8), (6, 7), (7, 0), (7, 6), (8, 1), (8, 5)
------------------------

Iteración 68
-----------
Abiertos = (9, 3), (9, 4), (0, 8), (1, 9), (2, 10), (3, 10), (4, 10), (5, 9), (6, 8), (7, 7), (8, 0), (8, 6), (9, 1), (9, 5)
Cerrados = (2, 2), (2, 3), (2, 4), (3, 2), (4, 2), (1, 2), (1, 3), (1, 4), (2, 1), (2, 5), (3, 1), (4, 1), (5, 2), (0, 2), (0, 3), (0, 4), (1, 1), (1, 5), (2, 0), (2, 6), (3, 0), (3, 6), (4, 0), (4, 6), (5, 1), (6, 2), (6, 3), (6, 4), (0, 1), (0, 5), (1, 0), (1, 6), (2, 7), (3, 7), (4, 7), (5, 0), (5, 6), (6, 1), (6, 5), (7, 2), (7, 3), (7, 4), (0, 0), (0, 6), (1, 7), (2, 8), (3, 8), (4, 8), (5, 7), (6, 0), (6, 6), (7, 1), (7, 5), (8, 2), (8, 3), (8, 4), (0, 7), (1, 8), (2, 9), (3, 9), (4, 9), (5, 8), (6, 7), (7, 0), (7, 6), (8, 1), (8, 5), (9, 2)
------------------------

Iteración 69
-----------
Abiertos = (9, 4), (0, 8), (1, 9), (2, 10), (3, 10), (4, 10), (5, 9), (6, 8), (7, 7), (8, 0), (8, 6), (9, 1), (9, 5)
Cerrados = (2, 2), (2, 3), (2, 4), (3, 2), (4, 2), (1, 2), (1, 3), (1, 4), (2, 1), (2, 5), (3, 1), (4, 1), (5, 2), (0, 2), (0, 3), (0, 4), (1, 1), (1, 5), (2, 0), (2, 6), (3, 0), (3, 6), (4, 0), (4, 6), (5, 1), (6, 2), (6, 3), (6, 4), (0, 1), (0, 5), (1, 0), (1, 6), (2, 7), (3, 7), (4, 7), (5, 0), (5, 6), (6, 1), (6, 5), (7, 2), (7, 3), (7, 4), (0, 0), (0, 6), (1, 7), (2, 8), (3, 8), (4, 8), (5, 7), (6, 0), (6, 6), (7, 1), (7, 5), (8, 2), (8, 3), (8, 4), (0, 7), (1, 8), (2, 9), (3, 9), (4, 9), (5, 8), (6, 7), (7, 0), (7, 6), (8, 1), (8, 5), (9, 2), (9, 3)
------------------------

Iteración 70
-----------
Abiertos = (0, 8), (1, 9), (2, 10), (3, 10), (4, 10), (5, 9), (6, 8), (7, 7), (8, 0), (8, 6), (9, 1), (9, 5)
Cerrados = (2, 2), (2, 3), (2, 4), (3, 2), (4, 2), (1, 2), (1, 3), (1, 4), (2, 1), (2, 5), (3, 1), (4, 1), (5, 2), (0, 2), (0, 3), (0, 4), (1, 1), (1, 5), (2, 0), (2, 6), (3, 0), (3, 6), (4, 0), (4, 6), (5, 1), (6, 2), (6, 3), (6, 4), (0, 1), (0, 5), (1, 0), (1, 6), (2, 7), (3, 7), (4, 7), (5, 0), (5, 6), (6, 1), (6, 5), (7, 2), (7, 3), (7, 4), (0, 0), (0, 6), (1, 7), (2, 8), (3, 8), (4, 8), (5, 7), (6, 0), (6, 6), (7, 1), (7, 5), (8, 2), (8, 3), (8, 4), (0, 7), (1, 8), (2, 9), (3, 9), (4, 9), (5, 8), (6, 7), (7, 0), (7, 6), (8, 1), (8, 5), (9, 2), (9, 3), (9, 4)
------------------------

Iteración 71
-----------
Abiertos = (1, 9), (2, 10), (3, 10), (4, 10), (5, 9), (6, 8), (7, 7), (8, 0), (8, 6), (9, 1), (9, 5), (0, 9)
Cerrados = (2, 2), (2, 3), (2, 4), (3, 2), (4, 2), (1, 2), (1, 3), (1, 4), (2, 1), (2, 5), (3, 1), (4, 1), (5, 2), (0, 2), (0, 3), (0, 4), (1, 1), (1, 5), (2, 0), (2, 6), (3, 0), (3, 6), (4, 0), (4, 6), (5, 1), (6, 2), (6, 3), (6, 4), (0, 1), (0, 5), (1, 0), (1, 6), (2, 7), (3, 7), (4, 7), (5, 0), (5, 6), (6, 1), (6, 5), (7, 2), (7, 3), (7, 4), (0, 0), (0, 6), (1, 7), (2, 8), (3, 8), (4, 8), (5, 7), (6, 0), (6, 6), (7, 1), (7, 5), (8, 2), (8, 3), (8, 4), (0, 7), (1, 8), (2, 9), (3, 9), (4, 9), (5, 8), (6, 7), (7, 0), (7, 6), (8, 1), (8, 5), (9, 2), (9, 3), (9, 4), (0, 8)
------------------------

Iteración 72
-----------
Abiertos = (2, 10), (3, 10), (4, 10), (5, 9), (6, 8), (7, 7), (8, 0), (8, 6), (9, 1), (9, 5), (0, 9), (1, 10)
Cerrados = (2, 2), (2, 3), (2, 4), (3, 2), (4, 2), (1, 2), (1, 3), (1, 4), (2, 1), (2, 5), (3, 1), (4, 1), (5, 2), (0, 2), (0, 3), (0, 4), (1, 1), (1, 5), (2, 0), (2, 6), (3, 0), (3, 6), (4, 0), (4, 6), (5, 1), (6, 2), (6, 3), (6, 4), (0, 1), (0, 5), (1, 0), (1, 6), (2, 7), (3, 7), (4, 7), (5, 0), (5, 6), (6, 1), (6, 5), (7, 2), (7, 3), (7, 4), (0, 0), (0, 6), (1, 7), (2, 8), (3, 8), (4, 8), (5, 7), (6, 0), (6, 6), (7, 1), (7, 5), (8, 2), (8, 3), (8, 4), (0, 7), (1, 8), (2, 9), (3, 9), (4, 9), (5, 8), (6, 7), (7, 0), (7, 6), (8, 1), (8, 5), (9, 2), (9, 3), (9, 4), (0, 8), (1, 9)
------------------------

Iteración 73
-----------
Abiertos = (3, 10), (4, 10), (5, 9), (6, 8), (7, 7), (8, 0), (8, 6), (9, 1), (9, 5), (0, 9), (1, 10)
Cerrados = (2, 2), (2, 3), (2, 4), (3, 2), (4, 2), (1, 2), (1, 3), (1, 4), (2, 1), (2, 5), (3, 1), (4, 1), (5, 2), (0, 2), (0, 3), (0, 4), (1, 1), (1, 5), (2, 0), (2, 6), (3, 0), (3, 6), (4, 0), (4, 6), (5, 1), (6, 2), (6, 3), (6, 4), (0, 1), (0, 5), (1, 0), (1, 6), (2, 7), (3, 7), (4, 7), (5, 0), (5, 6), (6, 1), (6, 5), (7, 2), (7, 3), (7, 4), (0, 0), (0, 6), (1, 7), (2, 8), (3, 8), (4, 8), (5, 7), (6, 0), (6, 6), (7, 1), (7, 5), (8, 2), (8, 3), (8, 4), (0, 7), (1, 8), (2, 9), (3, 9), (4, 9), (5, 8), (6, 7), (7, 0), (7, 6), (8, 1), (8, 5), (9, 2), (9, 3), (9, 4), (0, 8), (1, 9), (2, 10)
------------------------

Iteración 74
-----------
Abiertos = (4, 10), (5, 9), (6, 8), (7, 7), (8, 0), (8, 6), (9, 1), (9, 5), (0, 9), (1, 10)
Cerrados = (2, 2), (2, 3), (2, 4), (3, 2), (4, 2), (1, 2), (1, 3), (1, 4), (2, 1), (2, 5), (3, 1), (4, 1), (5, 2), (0, 2), (0, 3), (0, 4), (1, 1), (1, 5), (2, 0), (2, 6), (3, 0), (3, 6), (4, 0), (4, 6), (5, 1), (6, 2), (6, 3), (6, 4), (0, 1), (0, 5), (1, 0), (1, 6), (2, 7), (3, 7), (4, 7), (5, 0), (5, 6), (6, 1), (6, 5), (7, 2), (7, 3), (7, 4), (0, 0), (0, 6), (1, 7), (2, 8), (3, 8), (4, 8), (5, 7), (6, 0), (6, 6), (7, 1), (7, 5), (8, 2), (8, 3), (8, 4), (0, 7), (1, 8), (2, 9), (3, 9), (4, 9), (5, 8), (6, 7), (7, 0), (7, 6), (8, 1), (8, 5), (9, 2), (9, 3), (9, 4), (0, 8), (1, 9), (2, 10), (3, 10)
------------------------

Iteración 75
-----------
Abiertos = (5, 9), (6, 8), (7, 7), (8, 0), (8, 6), (9, 1), (9, 5), (0, 9), (1, 10), (5, 10)
Cerrados = (2, 2), (2, 3), (2, 4), (3, 2), (4, 2), (1, 2), (1, 3), (1, 4), (2, 1), (2, 5), (3, 1), (4, 1), (5, 2), (0, 2), (0, 3), (0, 4), (1, 1), (1, 5), (2, 0), (2, 6), (3, 0), (3, 6), (4, 0), (4, 6), (5, 1), (6, 2), (6, 3), (6, 4), (0, 1), (0, 5), (1, 0), (1, 6), (2, 7), (3, 7), (4, 7), (5, 0), (5, 6), (6, 1), (6, 5), (7, 2), (7, 3), (7, 4), (0, 0), (0, 6), (1, 7), (2, 8), (3, 8), (4, 8), (5, 7), (6, 0), (6, 6), (7, 1), (7, 5), (8, 2), (8, 3), (8, 4), (0, 7), (1, 8), (2, 9), (3, 9), (4, 9), (5, 8), (6, 7), (7, 0), (7, 6), (8, 1), (8, 5), (9, 2), (9, 3), (9, 4), (0, 8), (1, 9), (2, 10), (3, 10), (4, 10)
------------------------

Iteración 76
-----------
Abiertos = (6, 8), (7, 7), (8, 0), (8, 6), (9, 1), (9, 5), (0, 9), (1, 10), (5, 10), (6, 9)
Cerrados = (2, 2), (2, 3), (2, 4), (3, 2), (4, 2), (1, 2), (1, 3), (1, 4), (2, 1), (2, 5), (3, 1), (4, 1), (5, 2), (0, 2), (0, 3), (0, 4), (1, 1), (1, 5), (2, 0), (2, 6), (3, 0), (3, 6), (4, 0), (4, 6), (5, 1), (6, 2), (6, 3), (6, 4), (0, 1), (0, 5), (1, 0), (1, 6), (2, 7), (3, 7), (4, 7), (5, 0), (5, 6), (6, 1), (6, 5), (7, 2), (7, 3), (7, 4), (0, 0), (0, 6), (1, 7), (2, 8), (3, 8), (4, 8), (5, 7), (6, 0), (6, 6), (7, 1), (7, 5), (8, 2), (8, 3), (8, 4), (0, 7), (1, 8), (2, 9), (3, 9), (4, 9), (5, 8), (6, 7), (7, 0), (7, 6), (8, 1), (8, 5), (9, 2), (9, 3), (9, 4), (0, 8), (1, 9), (2, 10), (3, 10), (4, 10), (5, 9)
------------------------

Iteración 77
-----------
Abiertos = (7, 7), (8, 0), (8, 6), (9, 1), (9, 5), (0, 9), (1, 10), (5, 10), (6, 9), (7, 8)
Cerrados = (2, 2), (2, 3), (2, 4), (3, 2), (4, 2), (1, 2), (1, 3), (1, 4), (2, 1), (2, 5), (3, 1), (4, 1), (5, 2), (0, 2), (0, 3), (0, 4), (1, 1), (1, 5), (2, 0), (2, 6), (3, 0), (3, 6), (4, 0), (4, 6), (5, 1), (6, 2), (6, 3), (6, 4), (0, 1), (0, 5), (1, 0), (1, 6), (2, 7), (3, 7), (4, 7), (5, 0), (5, 6), (6, 1), (6, 5), (7, 2), (7, 3), (7, 4), (0, 0), (0, 6), (1, 7), (2, 8), (3, 8), (4, 8), (5, 7), (6, 0), (6, 6), (7, 1), (7, 5), (8, 2), (8, 3), (8, 4), (0, 7), (1, 8), (2, 9), (3, 9), (4, 9), (5, 8), (6, 7), (7, 0), (7, 6), (8, 1), (8, 5), (9, 2), (9, 3), (9, 4), (0, 8), (1, 9), (2, 10), (3, 10), (4, 10), (5, 9), (6, 8)
------------------------

Iteración 78
-----------
Abiertos = (8, 0), (8, 6), (9, 1), (9, 5), (0, 9), (1, 10), (5, 10), (6, 9), (7, 8), (8, 7)
Cerrados = (2, 2), (2, 3), (2, 4), (3, 2), (4, 2), (1, 2), (1, 3), (1, 4), (2, 1), (2, 5), (3, 1), (4, 1), (5, 2), (0, 2), (0, 3), (0, 4), (1, 1), (1, 5), (2, 0), (2, 6), (3, 0), (3, 6), (4, 0), (4, 6), (5, 1), (6, 2), (6, 3), (6, 4), (0, 1), (0, 5), (1, 0), (1, 6), (2, 7), (3, 7), (4, 7), (5, 0), (5, 6), (6, 1), (6, 5), (7, 2), (7, 3), (7, 4), (0, 0), (0, 6), (1, 7), (2, 8), (3, 8), (4, 8), (5, 7), (6, 0), (6, 6), (7, 1), (7, 5), (8, 2), (8, 3), (8, 4), (0, 7), (1, 8), (2, 9), (3, 9), (4, 9), (5, 8), (6, 7), (7, 0), (7, 6), (8, 1), (8, 5), (9, 2), (9, 3), (9, 4), (0, 8), (1, 9), (2, 10), (3, 10), (4, 10), (5, 9), (6, 8), (7, 7)
------------------------

Iteración 79
-----------
Abiertos = (8, 6), (9, 1), (9, 5), (0, 9), (1, 10), (5, 10), (6, 9), (7, 8), (8, 7), (9, 0)
Cerrados = (2, 2), (2, 3), (2, 4), (3, 2), (4, 2), (1, 2), (1, 3), (1, 4), (2, 1), (2, 5), (3, 1), (4, 1), (5, 2), (0, 2), (0, 3), (0, 4), (1, 1), (1, 5), (2, 0), (2, 6), (3, 0), (3, 6), (4, 0), (4, 6), (5, 1), (6, 2), (6, 3), (6, 4), (0, 1), (0, 5), (1, 0), (1, 6), (2, 7), (3, 7), (4, 7), (5, 0), (5, 6), (6, 1), (6, 5), (7, 2), (7, 3), (7, 4), (0, 0), (0, 6), (1, 7), (2, 8), (3, 8), (4, 8), (5, 7), (6, 0), (6, 6), (7, 1), (7, 5), (8, 2), (8, 3), (8, 4), (0, 7), (1, 8), (2, 9), (3, 9), (4, 9), (5, 8), (6, 7), (7, 0), (7, 6), (8, 1), (8, 5), (9, 2), (9, 3), (9, 4), (0, 8), (1, 9), (2, 10), (3, 10), (4, 10), (5, 9), (6, 8), (7, 7), (8, 0)
------------------------

Iteración 80
-----------
Abiertos = (9, 1), (9, 5), (0, 9), (1, 10), (5, 10), (6, 9), (7, 8), (8, 7), (9, 0), (9, 6)
Cerrados = (2, 2), (2, 3), (2, 4), (3, 2), (4, 2), (1, 2), (1, 3), (1, 4), (2, 1), (2, 5), (3, 1), (4, 1), (5, 2), (0, 2), (0, 3), (0, 4), (1, 1), (1, 5), (2, 0), (2, 6), (3, 0), (3, 6), (4, 0), (4, 6), (5, 1), (6, 2), (6, 3), (6, 4), (0, 1), (0, 5), (1, 0), (1, 6), (2, 7), (3, 7), (4, 7), (5, 0), (5, 6), (6, 1), (6, 5), (7, 2), (7, 3), (7, 4), (0, 0), (0, 6), (1, 7), (2, 8), (3, 8), (4, 8), (5, 7), (6, 0), (6, 6), (7, 1), (7, 5), (8, 2), (8, 3), (8, 4), (0, 7), (1, 8), (2, 9), (3, 9), (4, 9), (5, 8), (6, 7), (7, 0), (7, 6), (8, 1), (8, 5), (9, 2), (9, 3), (9, 4), (0, 8), (1, 9), (2, 10), (3, 10), (4, 10), (5, 9), (6, 8), (7, 7), (8, 0), (8, 6)
------------------------

Iteración 81
-----------
Abiertos = (9, 5), (0, 9), (1, 10), (5, 10), (6, 9), (7, 8), (8, 7), (9, 0), (9, 6)
Cerrados = (2, 2), (2, 3), (2, 4), (3, 2), (4, 2), (1, 2), (1, 3), (1, 4), (2, 1), (2, 5), (3, 1), (4, 1), (5, 2), (0, 2), (0, 3), (0, 4), (1, 1), (1, 5), (2, 0), (2, 6), (3, 0), (3, 6), (4, 0), (4, 6), (5, 1), (6, 2), (6, 3), (6, 4), (0, 1), (0, 5), (1, 0), (1, 6), (2, 7), (3, 7), (4, 7), (5, 0), (5, 6), (6, 1), (6, 5), (7, 2), (7, 3), (7, 4), (0, 0), (0, 6), (1, 7), (2, 8), (3, 8), (4, 8), (5, 7), (6, 0), (6, 6), (7, 1), (7, 5), (8, 2), (8, 3), (8, 4), (0, 7), (1, 8), (2, 9), (3, 9), (4, 9), (5, 8), (6, 7), (7, 0), (7, 6), (8, 1), (8, 5), (9, 2), (9, 3), (9, 4), (0, 8), (1, 9), (2, 10), (3, 10), (4, 10), (5, 9), (6, 8), (7, 7), (8, 0), (8, 6), (9, 1)
------------------------

Iteración 82
-----------
Abiertos = (0, 9), (1, 10), (5, 10), (6, 9), (7, 8), (8, 7), (9, 0), (9, 6)
Cerrados = (2, 2), (2, 3), (2, 4), (3, 2), (4, 2), (1, 2), (1, 3), (1, 4), (2, 1), (2, 5), (3, 1), (4, 1), (5, 2), (0, 2), (0, 3), (0, 4), (1, 1), (1, 5), (2, 0), (2, 6), (3, 0), (3, 6), (4, 0), (4, 6), (5, 1), (6, 2), (6, 3), (6, 4), (0, 1), (0, 5), (1, 0), (1, 6), (2, 7), (3, 7), (4, 7), (5, 0), (5, 6), (6, 1), (6, 5), (7, 2), (7, 3), (7, 4), (0, 0), (0, 6), (1, 7), (2, 8), (3, 8), (4, 8), (5, 7), (6, 0), (6, 6), (7, 1), (7, 5), (8, 2), (8, 3), (8, 4), (0, 7), (1, 8), (2, 9), (3, 9), (4, 9), (5, 8), (6, 7), (7, 0), (7, 6), (8, 1), (8, 5), (9, 2), (9, 3), (9, 4), (0, 8), (1, 9), (2, 10), (3, 10), (4, 10), (5, 9), (6, 8), (7, 7), (8, 0), (8, 6), (9, 1), (9, 5)
------------------------

Iteración 83
-----------
Abiertos = (1, 10), (5, 10), (6, 9), (7, 8), (8, 7), (9, 0), (9, 6), (0, 10)
Cerrados = (2, 2), (2, 3), (2, 4), (3, 2), (4, 2), (1, 2), (1, 3), (1, 4), (2, 1), (2, 5), (3, 1), (4, 1), (5, 2), (0, 2), (0, 3), (0, 4), (1, 1), (1, 5), (2, 0), (2, 6), (3, 0), (3, 6), (4, 0), (4, 6), (5, 1), (6, 2), (6, 3), (6, 4), (0, 1), (0, 5), (1, 0), (1, 6), (2, 7), (3, 7), (4, 7), (5, 0), (5, 6), (6, 1), (6, 5), (7, 2), (7, 3), (7, 4), (0, 0), (0, 6), (1, 7), (2, 8), (3, 8), (4, 8), (5, 7), (6, 0), (6, 6), (7, 1), (7, 5), (8, 2), (8, 3), (8, 4), (0, 7), (1, 8), (2, 9), (3, 9), (4, 9), (5, 8), (6, 7), (7, 0), (7, 6), (8, 1), (8, 5), (9, 2), (9, 3), (9, 4), (0, 8), (1, 9), (2, 10), (3, 10), (4, 10), (5, 9), (6, 8), (7, 7), (8, 0), (8, 6), (9, 1), (9, 5), (0, 9)
------------------------

Iteración 84
-----------
Abiertos = (5, 10), (6, 9), (7, 8), (8, 7), (9, 0), (9, 6), (0, 10)
Cerrados = (2, 2), (2, 3), (2, 4), (3, 2), (4, 2), (1, 2), (1, 3), (1, 4), (2, 1), (2, 5), (3, 1), (4, 1), (5, 2), (0, 2), (0, 3), (0, 4), (1, 1), (1, 5), (2, 0), (2, 6), (3, 0), (3, 6), (4, 0), (4, 6), (5, 1), (6, 2), (6, 3), (6, 4), (0, 1), (0, 5), (1, 0), (1, 6), (2, 7), (3, 7), (4, 7), (5, 0), (5, 6), (6, 1), (6, 5), (7, 2), (7, 3), (7, 4), (0, 0), (0, 6), (1, 7), (2, 8), (3, 8), (4, 8), (5, 7), (6, 0), (6, 6), (7, 1), (7, 5), (8, 2), (8, 3), (8, 4), (0, 7), (1, 8), (2, 9), (3, 9), (4, 9), (5, 8), (6, 7), (7, 0), (7, 6), (8, 1), (8, 5), (9, 2), (9, 3), (9, 4), (0, 8), (1, 9), (2, 10), (3, 10), (4, 10), (5, 9), (6, 8), (7, 7), (8, 0), (8, 6), (9, 1), (9, 5), (0, 9), (1, 10)
------------------------

Iteración 85
-----------
Abiertos = (6, 9), (7, 8), (8, 7), (9, 0), (9, 6), (0, 10), (6, 10)
Cerrados = (2, 2), (2, 3), (2, 4), (3, 2), (4, 2), (1, 2), (1, 3), (1, 4), (2, 1), (2, 5), (3, 1), (4, 1), (5, 2), (0, 2), (0, 3), (0, 4), (1, 1), (1, 5), (2, 0), (2, 6), (3, 0), (3, 6), (4, 0), (4, 6), (5, 1), (6, 2), (6, 3), (6, 4), (0, 1), (0, 5), (1, 0), (1, 6), (2, 7), (3, 7), (4, 7), (5, 0), (5, 6), (6, 1), (6, 5), (7, 2), (7, 3), (7, 4), (0, 0), (0, 6), (1, 7), (2, 8), (3, 8), (4, 8), (5, 7), (6, 0), (6, 6), (7, 1), (7, 5), (8, 2), (8, 3), (8, 4), (0, 7), (1, 8), (2, 9), (3, 9), (4, 9), (5, 8), (6, 7), (7, 0), (7, 6), (8, 1), (8, 5), (9, 2), (9, 3), (9, 4), (0, 8), (1, 9), (2, 10), (3, 10), (4, 10), (5, 9), (6, 8), (7, 7), (8, 0), (8, 6), (9, 1), (9, 5), (0, 9), (1, 10), (5, 10)
------------------------

Iteración 86
-----------
Abiertos = (7, 8), (8, 7), (9, 0), (9, 6), (0, 10), (6, 10), (7, 9)
Cerrados = (2, 2), (2, 3), (2, 4), (3, 2), (4, 2), (1, 2), (1, 3), (1, 4), (2, 1), (2, 5), (3, 1), (4, 1), (5, 2), (0, 2), (0, 3), (0, 4), (1, 1), (1, 5), (2, 0), (2, 6), (3, 0), (3, 6), (4, 0), (4, 6), (5, 1), (6, 2), (6, 3), (6, 4), (0, 1), (0, 5), (1, 0), (1, 6), (2, 7), (3, 7), (4, 7), (5, 0), (5, 6), (6, 1), (6, 5), (7, 2), (7, 3), (7, 4), (0, 0), (0, 6), (1, 7), (2, 8), (3, 8), (4, 8), (5, 7), (6, 0), (6, 6), (7, 1), (7, 5), (8, 2), (8, 3), (8, 4), (0, 7), (1, 8), (2, 9), (3, 9), (4, 9), (5, 8), (6, 7), (7, 0), (7, 6), (8, 1), (8, 5), (9, 2), (9, 3), (9, 4), (0, 8), (1, 9), (2, 10), (3, 10), (4, 10), (5, 9), (6, 8), (7, 7), (8, 0), (8, 6), (9, 1), (9, 5), (0, 9), (1, 10), (5, 10), (6, 9)
------------------------

Iteración 87
-----------
Abiertos = (8, 7), (9, 0), (9, 6), (0, 10), (6, 10), (7, 9), (8, 8)
Cerrados = (2, 2), (2, 3), (2, 4), (3, 2), (4, 2), (1, 2), (1, 3), (1, 4), (2, 1), (2, 5), (3, 1), (4, 1), (5, 2), (0, 2), (0, 3), (0, 4), (1, 1), (1, 5), (2, 0), (2, 6), (3, 0), (3, 6), (4, 0), (4, 6), (5, 1), (6, 2), (6, 3), (6, 4), (0, 1), (0, 5), (1, 0), (1, 6), (2, 7), (3, 7), (4, 7), (5, 0), (5, 6), (6, 1), (6, 5), (7, 2), (7, 3), (7, 4), (0, 0), (0, 6), (1, 7), (2, 8), (3, 8), (4, 8), (5, 7), (6, 0), (6, 6), (7, 1), (7, 5), (8, 2), (8, 3), (8, 4), (0, 7), (1, 8), (2, 9), (3, 9), (4, 9), (5, 8), (6, 7), (7, 0), (7, 6), (8, 1), (8, 5), (9, 2), (9, 3), (9, 4), (0, 8), (1, 9), (2, 10), (3, 10), (4, 10), (5, 9), (6, 8), (7, 7), (8, 0), (8, 6), (9, 1), (9, 5), (0, 9), (1, 10), (5, 10), (6, 9), (7, 8)
------------------------

Iteración 88
-----------
Abiertos = (9, 0), (9, 6), (0, 10), (6, 10), (7, 9), (8, 8), (9, 7)
Cerrados = (2, 2), (2, 3), (2, 4), (3, 2), (4, 2), (1, 2), (1, 3), (1, 4), (2, 1), (2, 5), (3, 1), (4, 1), (5, 2), (0, 2), (0, 3), (0, 4), (1, 1), (1, 5), (2, 0), (2, 6), (3, 0), (3, 6), (4, 0), (4, 6), (5, 1), (6, 2), (6, 3), (6, 4), (0, 1), (0, 5), (1, 0), (1, 6), (2, 7), (3, 7), (4, 7), (5, 0), (5, 6), (6, 1), (6, 5), (7, 2), (7, 3), (7, 4), (0, 0), (0, 6), (1, 7), (2, 8), (3, 8), (4, 8), (5, 7), (6, 0), (6, 6), (7, 1), (7, 5), (8, 2), (8, 3), (8, 4), (0, 7), (1, 8), (2, 9), (3, 9), (4, 9), (5, 8), (6, 7), (7, 0), (7, 6), (8, 1), (8, 5), (9, 2), (9, 3), (9, 4), (0, 8), (1, 9), (2, 10), (3, 10), (4, 10), (5, 9), (6, 8), (7, 7), (8, 0), (8, 6), (9, 1), (9, 5), (0, 9), (1, 10), (5, 10), (6, 9), (7, 8), (8, 7)
------------------------

Iteración 89
-----------
Abiertos = (9, 6), (0, 10), (6, 10), (7, 9), (8, 8), (9, 7)
Cerrados = (2, 2), (2, 3), (2, 4), (3, 2), (4, 2), (1, 2), (1, 3), (1, 4), (2, 1), (2, 5), (3, 1), (4, 1), (5, 2), (0, 2), (0, 3), (0, 4), (1, 1), (1, 5), (2, 0), (2, 6), (3, 0), (3, 6), (4, 0), (4, 6), (5, 1), (6, 2), (6, 3), (6, 4), (0, 1), (0, 5), (1, 0), (1, 6), (2, 7), (3, 7), (4, 7), (5, 0), (5, 6), (6, 1), (6, 5), (7, 2), (7, 3), (7, 4), (0, 0), (0, 6), (1, 7), (2, 8), (3, 8), (4, 8), (5, 7), (6, 0), (6, 6), (7, 1), (7, 5), (8, 2), (8, 3), (8, 4), (0, 7), (1, 8), (2, 9), (3, 9), (4, 9), (5, 8), (6, 7), (7, 0), (7, 6), (8, 1), (8, 5), (9, 2), (9, 3), (9, 4), (0, 8), (1, 9), (2, 10), (3, 10), (4, 10), (5, 9), (6, 8), (7, 7), (8, 0), (8, 6), (9, 1), (9, 5), (0, 9), (1, 10), (5, 10), (6, 9), (7, 8), (8, 7), (9, 0)
------------------------

Iteración 90
-----------
Abiertos = (0, 10), (6, 10), (7, 9), (8, 8), (9, 7)
Cerrados = (2, 2), (2, 3), (2, 4), (3, 2), (4, 2), (1, 2), (1, 3), (1, 4), (2, 1), (2, 5), (3, 1), (4, 1), (5, 2), (0, 2), (0, 3), (0, 4), (1, 1), (1, 5), (2, 0), (2, 6), (3, 0), (3, 6), (4, 0), (4, 6), (5, 1), (6, 2), (6, 3), (6, 4), (0, 1), (0, 5), (1, 0), (1, 6), (2, 7), (3, 7), (4, 7), (5, 0), (5, 6), (6, 1), (6, 5), (7, 2), (7, 3), (7, 4), (0, 0), (0, 6), (1, 7), (2, 8), (3, 8), (4, 8), (5, 7), (6, 0), (6, 6), (7, 1), (7, 5), (8, 2), (8, 3), (8, 4), (0, 7), (1, 8), (2, 9), (3, 9), (4, 9), (5, 8), (6, 7), (7, 0), (7, 6), (8, 1), (8, 5), (9, 2), (9, 3), (9, 4), (0, 8), (1, 9), (2, 10), (3, 10), (4, 10), (5, 9), (6, 8), (7, 7), (8, 0), (8, 6), (9, 1), (9, 5), (0, 9), (1, 10), (5, 10), (6, 9), (7, 8), (8, 7), (9, 0), (9, 6)
------------------------

Iteración 91
-----------
Abiertos = (6, 10), (7, 9), (8, 8), (9, 7)
Cerrados = (2, 2), (2, 3), (2, 4), (3, 2), (4, 2), (1, 2), (1, 3), (1, 4), (2, 1), (2, 5), (3, 1), (4, 1), (5, 2), (0, 2), (0, 3), (0, 4), (1, 1), (1, 5), (2, 0), (2, 6), (3, 0), (3, 6), (4, 0), (4, 6), (5, 1), (6, 2), (6, 3), (6, 4), (0, 1), (0, 5), (1, 0), (1, 6), (2, 7), (3, 7), (4, 7), (5, 0), (5, 6), (6, 1), (6, 5), (7, 2), (7, 3), (7, 4), (0, 0), (0, 6), (1, 7), (2, 8), (3, 8), (4, 8), (5, 7), (6, 0), (6, 6), (7, 1), (7, 5), (8, 2), (8, 3), (8, 4), (0, 7), (1, 8), (2, 9), (3, 9), (4, 9), (5, 8), (6, 7), (7, 0), (7, 6), (8, 1), (8, 5), (9, 2), (9, 3), (9, 4), (0, 8), (1, 9), (2, 10), (3, 10), (4, 10), (5, 9), (6, 8), (7, 7), (8, 0), (8, 6), (9, 1), (9, 5), (0, 9), (1, 10), (5, 10), (6, 9), (7, 8), (8, 7), (9, 0), (9, 6), (0, 10)
------------------------

Iteración 92
-----------
Abiertos = (7, 9), (8, 8), (9, 7), (7, 10)
Cerrados = (2, 2), (2, 3), (2, 4), (3, 2), (4, 2), (1, 2), (1, 3), (1, 4), (2, 1), (2, 5), (3, 1), (4, 1), (5, 2), (0, 2), (0, 3), (0, 4), (1, 1), (1, 5), (2, 0), (2, 6), (3, 0), (3, 6), (4, 0), (4, 6), (5, 1), (6, 2), (6, 3), (6, 4), (0, 1), (0, 5), (1, 0), (1, 6), (2, 7), (3, 7), (4, 7), (5, 0), (5, 6), (6, 1), (6, 5), (7, 2), (7, 3), (7, 4), (0, 0), (0, 6), (1, 7), (2, 8), (3, 8), (4, 8), (5, 7), (6, 0), (6, 6), (7, 1), (7, 5), (8, 2), (8, 3), (8, 4), (0, 7), (1, 8), (2, 9), (3, 9), (4, 9), (5, 8), (6, 7), (7, 0), (7, 6), (8, 1), (8, 5), (9, 2), (9, 3), (9, 4), (0, 8), (1, 9), (2, 10), (3, 10), (4, 10), (5, 9), (6, 8), (7, 7), (8, 0), (8, 6), (9, 1), (9, 5), (0, 9), (1, 10), (5, 10), (6, 9), (7, 8), (8, 7), (9, 0), (9, 6), (0, 10), (6, 10)
------------------------

Iteración 93
-----------
Abiertos = (8, 8), (9, 7), (7, 10), (8, 9)
Cerrados = (2, 2), (2, 3), (2, 4), (3, 2), (4, 2), (1, 2), (1, 3), (1, 4), (2, 1), (2, 5), (3, 1), (4, 1), (5, 2), (0, 2), (0, 3), (0, 4), (1, 1), (1, 5), (2, 0), (2, 6), (3, 0), (3, 6), (4, 0), (4, 6), (5, 1), (6, 2), (6, 3), (6, 4), (0, 1), (0, 5), (1, 0), (1, 6), (2, 7), (3, 7), (4, 7), (5, 0), (5, 6), (6, 1), (6, 5), (7, 2), (7, 3), (7, 4), (0, 0), (0, 6), (1, 7), (2, 8), (3, 8), (4, 8), (5, 7), (6, 0), (6, 6), (7, 1), (7, 5), (8, 2), (8, 3), (8, 4), (0, 7), (1, 8), (2, 9), (3, 9), (4, 9), (5, 8), (6, 7), (7, 0), (7, 6), (8, 1), (8, 5), (9, 2), (9, 3), (9, 4), (0, 8), (1, 9), (2, 10), (3, 10), (4, 10), (5, 9), (6, 8), (7, 7), (8, 0), (8, 6), (9, 1), (9, 5), (0, 9), (1, 10), (5, 10), (6, 9), (7, 8), (8, 7), (9, 0), (9, 6), (0, 10), (6, 10), (7, 9)
------------------------

Iteración 94
-----------
Abiertos = (9, 7), (7, 10), (8, 9), (9, 8)
Cerrados = (2, 2), (2, 3), (2, 4), (3, 2), (4, 2), (1, 2), (1, 3), (1, 4), (2, 1), (2, 5), (3, 1), (4, 1), (5, 2), (0, 2), (0, 3), (0, 4), (1, 1), (1, 5), (2, 0), (2, 6), (3, 0), (3, 6), (4, 0), (4, 6), (5, 1), (6, 2), (6, 3), (6, 4), (0, 1), (0, 5), (1, 0), (1, 6), (2, 7), (3, 7), (4, 7), (5, 0), (5, 6), (6, 1), (6, 5), (7, 2), (7, 3), (7, 4), (0, 0), (0, 6), (1, 7), (2, 8), (3, 8), (4, 8), (5, 7), (6, 0), (6, 6), (7, 1), (7, 5), (8, 2), (8, 3), (8, 4), (0, 7), (1, 8), (2, 9), (3, 9), (4, 9), (5, 8), (6, 7), (7, 0), (7, 6), (8, 1), (8, 5), (9, 2), (9, 3), (9, 4), (0, 8), (1, 9), (2, 10), (3, 10), (4, 10), (5, 9), (6, 8), (7, 7), (8, 0), (8, 6), (9, 1), (9, 5), (0, 9), (1, 10), (5, 10), (6, 9), (7, 8), (8, 7), (9, 0), (9, 6), (0, 10), (6, 10), (7, 9), (8, 8)
------------------------

Iteración 95
-----------
Abiertos = (7, 10), (8, 9), (9, 8)
Cerrados = (2, 2), (2, 3), (2, 4), (3, 2), (4, 2), (1, 2), (1, 3), (1, 4), (2, 1), (2, 5), (3, 1), (4, 1), (5, 2), (0, 2), (0, 3), (0, 4), (1, 1), (1, 5), (2, 0), (2, 6), (3, 0), (3, 6), (4, 0), (4, 6), (5, 1), (6, 2), (6, 3), (6, 4), (0, 1), (0, 5), (1, 0), (1, 6), (2, 7), (3, 7), (4, 7), (5, 0), (5, 6), (6, 1), (6, 5), (7, 2), (7, 3), (7, 4), (0, 0), (0, 6), (1, 7), (2, 8), (3, 8), (4, 8), (5, 7), (6, 0), (6, 6), (7, 1), (7, 5), (8, 2), (8, 3), (8, 4), (0, 7), (1, 8), (2, 9), (3, 9), (4, 9), (5, 8), (6, 7), (7, 0), (7, 6), (8, 1), (8, 5), (9, 2), (9, 3), (9, 4), (0, 8), (1, 9), (2, 10), (3, 10), (4, 10), (5, 9), (6, 8), (7, 7), (8, 0), (8, 6), (9, 1), (9, 5), (0, 9), (1, 10), (5, 10), (6, 9), (7, 8), (8, 7), (9, 0), (9, 6), (0, 10), (6, 10), (7, 9), (8, 8), (9, 7)
------------------------

Iteración 96
-----------
Abiertos = (8, 9), (9, 8), (8, 10)
Cerrados = (2, 2), (2, 3), (2, 4), (3, 2), (4, 2), (1, 2), (1, 3), (1, 4), (2, 1), (2, 5), (3, 1), (4, 1), (5, 2), (0, 2), (0, 3), (0, 4), (1, 1), (1, 5), (2, 0), (2, 6), (3, 0), (3, 6), (4, 0), (4, 6), (5, 1), (6, 2), (6, 3), (6, 4), (0, 1), (0, 5), (1, 0), (1, 6), (2, 7), (3, 7), (4, 7), (5, 0), (5, 6), (6, 1), (6, 5), (7, 2), (7, 3), (7, 4), (0, 0), (0, 6), (1, 7), (2, 8), (3, 8), (4, 8), (5, 7), (6, 0), (6, 6), (7, 1), (7, 5), (8, 2), (8, 3), (8, 4), (0, 7), (1, 8), (2, 9), (3, 9), (4, 9), (5, 8), (6, 7), (7, 0), (7, 6), (8, 1), (8, 5), (9, 2), (9, 3), (9, 4), (0, 8), (1, 9), (2, 10), (3, 10), (4, 10), (5, 9), (6, 8), (7, 7), (8, 0), (8, 6), (9, 1), (9, 5), (0, 9), (1, 10), (5, 10), (6, 9), (7, 8), (8, 7), (9, 0), (9, 6), (0, 10), (6, 10), (7, 9), (8, 8), (9, 7), (7, 10)
------------------------

Iteración 97
-----------
Abiertos = (9, 8), (8, 10), (9, 9)
Cerrados = (2, 2), (2, 3), (2, 4), (3, 2), (4, 2), (1, 2), (1, 3), (1, 4), (2, 1), (2, 5), (3, 1), (4, 1), (5, 2), (0, 2), (0, 3), (0, 4), (1, 1), (1, 5), (2, 0), (2, 6), (3, 0), (3, 6), (4, 0), (4, 6), (5, 1), (6, 2), (6, 3), (6, 4), (0, 1), (0, 5), (1, 0), (1, 6), (2, 7), (3, 7), (4, 7), (5, 0), (5, 6), (6, 1), (6, 5), (7, 2), (7, 3), (7, 4), (0, 0), (0, 6), (1, 7), (2, 8), (3, 8), (4, 8), (5, 7), (6, 0), (6, 6), (7, 1), (7, 5), (8, 2), (8, 3), (8, 4), (0, 7), (1, 8), (2, 9), (3, 9), (4, 9), (5, 8), (6, 7), (7, 0), (7, 6), (8, 1), (8, 5), (9, 2), (9, 3), (9, 4), (0, 8), (1, 9), (2, 10), (3, 10), (4, 10), (5, 9), (6, 8), (7, 7), (8, 0), (8, 6), (9, 1), (9, 5), (0, 9), (1, 10), (5, 10), (6, 9), (7, 8), (8, 7), (9, 0), (9, 6), (0, 10), (6, 10), (7, 9), (8, 8), (9, 7), (7, 10), (8, 9)
------------------------

Iteración 98
-----------
Abiertos = (8, 10), (9, 9)
Cerrados = (2, 2), (2, 3), (2, 4), (3, 2), (4, 2), (1, 2), (1, 3), (1, 4), (2, 1), (2, 5), (3, 1), (4, 1), (5, 2), (0, 2), (0, 3), (0, 4), (1, 1), (1, 5), (2, 0), (2, 6), (3, 0), (3, 6), (4, 0), (4, 6), (5, 1), (6, 2), (6, 3), (6, 4), (0, 1), (0, 5), (1, 0), (1, 6), (2, 7), (3, 7), (4, 7), (5, 0), (5, 6), (6, 1), (6, 5), (7, 2), (7, 3), (7, 4), (0, 0), (0, 6), (1, 7), (2, 8), (3, 8), (4, 8), (5, 7), (6, 0), (6, 6), (7, 1), (7, 5), (8, 2), (8, 3), (8, 4), (0, 7), (1, 8), (2, 9), (3, 9), (4, 9), (5, 8), (6, 7), (7, 0), (7, 6), (8, 1), (8, 5), (9, 2), (9, 3), (9, 4), (0, 8), (1, 9), (2, 10), (3, 10), (4, 10), (5, 9), (6, 8), (7, 7), (8, 0), (8, 6), (9, 1), (9, 5), (0, 9), (1, 10), (5, 10), (6, 9), (7, 8), (8, 7), (9, 0), (9, 6), (0, 10), (6, 10), (7, 9), (8, 8), (9, 7), (7, 10), (8, 9), (9, 8)
------------------------

Iteración 99
-----------
Abiertos = (9, 9), (9, 10)
Cerrados = (2, 2), (2, 3), (2, 4), (3, 2), (4, 2), (1, 2), (1, 3), (1, 4), (2, 1), (2, 5), (3, 1), (4, 1), (5, 2), (0, 2), (0, 3), (0, 4), (1, 1), (1, 5), (2, 0), (2, 6), (3, 0), (3, 6), (4, 0), (4, 6), (5, 1), (6, 2), (6, 3), (6, 4), (0, 1), (0, 5), (1, 0), (1, 6), (2, 7), (3, 7), (4, 7), (5, 0), (5, 6), (6, 1), (6, 5), (7, 2), (7, 3), (7, 4), (0, 0), (0, 6), (1, 7), (2, 8), (3, 8), (4, 8), (5, 7), (6, 0), (6, 6), (7, 1), (7, 5), (8, 2), (8, 3), (8, 4), (0, 7), (1, 8), (2, 9), (3, 9), (4, 9), (5, 8), (6, 7), (7, 0), (7, 6), (8, 1), (8, 5), (9, 2), (9, 3), (9, 4), (0, 8), (1, 9), (2, 10), (3, 10), (4, 10), (5, 9), (6, 8), (7, 7), (8, 0), (8, 6), (9, 1), (9, 5), (0, 9), (1, 10), (5, 10), (6, 9), (7, 8), (8, 7), (9, 0), (9, 6), (0, 10), (6, 10), (7, 9), (8, 8), (9, 7), (7, 10), (8, 9), (9, 8), (8, 10)
------------------------

Iteración 100
-----------
Abiertos = (9, 10)
Cerrados = (2, 2), (2, 3), (2, 4), (3, 2), (4, 2), (1, 2), (1, 3), (1, 4), (2, 1), (2, 5), (3, 1), (4, 1), (5, 2), (0, 2), (0, 3), (0, 4), (1, 1), (1, 5), (2, 0), (2, 6), (3, 0), (3, 6), (4, 0), (4, 6), (5, 1), (6, 2), (6, 3), (6, 4), (0, 1), (0, 5), (1, 0), (1, 6), (2, 7), (3, 7), (4, 7), (5, 0), (5, 6), (6, 1), (6, 5), (7, 2), (7, 3), (7, 4), (0, 0), (0, 6), (1, 7), (2, 8), (3, 8), (4, 8), (5, 7), (6, 0), (6, 6), (7, 1), (7, 5), (8, 2), (8, 3), (8, 4), (0, 7), (1, 8), (2, 9), (3, 9), (4, 9), (5, 8), (6, 7), (7, 0), (7, 6), (8, 1), (8, 5), (9, 2), (9, 3), (9, 4), (0, 8), (1, 9), (2, 10), (3, 10), (4, 10), (5, 9), (6, 8), (7, 7), (8, 0), (8, 6), (9, 1), (9, 5), (0, 9), (1, 10), (5, 10), (6, 9), (7, 8), (8, 7), (9, 0), (9, 6), (0, 10), (6, 10), (7, 9), (8, 8), (9, 7), (7, 10), (8, 9), (9, 8), (8, 10), (9, 9)
------------------------

Iteración 101
-----------
Abiertos = 
Cerrados = (2, 2), (2, 3), (2, 4), (3, 2), (4, 2), (1, 2), (1, 3), (1, 4), (2, 1), (2, 5), (3, 1), (4, 1), (5, 2), (0, 2), (0, 3), (0, 4), (1, 1), (1, 5), (2, 0), (2, 6), (3, 0), (3, 6), (4, 0), (4, 6), (5, 1), (6, 2), (6, 3), (6, 4), (0, 1), (0, 5), (1, 0), (1, 6), (2, 7), (3, 7), (4, 7), (5, 0), (5, 6), (6, 1), (6, 5), (7, 2), (7, 3), (7, 4), (0, 0), (0, 6), (1, 7), (2, 8), (3, 8), (4, 8), (5, 7), (6, 0), (6, 6), (7, 1), (7, 5), (8, 2), (8, 3), (8, 4), (0, 7), (1, 8), (2, 9), (3, 9), (4, 9), (5, 8), (6, 7), (7, 0), (7, 6), (8, 1), (8, 5), (9, 2), (9, 3), (9, 4), (0, 8), (1, 9), (2, 10), (3, 10), (4, 10), (5, 9), (6, 8), (7, 7), (8, 0), (8, 6), (9, 1), (9, 5), (0, 9), (1, 10), (5, 10), (6, 9), (7, 8), (8, 7), (9, 0), (9, 6), (0, 10), (6, 10), (7, 9), (8, 8), (9, 7), (7, 10), (8, 9), (9, 8), (8, 10), (9, 9), (9, 10)
------------------------


No se ha podido encontrar ningún camino.
