Iteración 0
-----------
Abiertos = (5, 2)
Cerrados = 
------------------------

Iteración 1
-----------
Abiertos = (6, 2), (4, 2), (5, 1)
Cerrados = (5, 2)
------------------------

Iteración 2
-----------
Abiertos = (7, 2), (4, 2), (6, 1), (5, 1)
Cerrados = (5, 2), (6, 2)
------------------------

Iteración 3
-----------
Abiertos = (7, 3), (4, 2), (8, 2), (7, 1), (6, 1), (5, 1)
Cerrados = (5, 2), (6, 2), (7, 2)
------------------------

Iteración 4
-----------
Abiertos = (7, 4), (4, 2), (8, 3), (8, 2), (7, 1), (6, 1), (5, 1)
Cerrados = (5, 2), (6, 2), (7, 2), (7, 3)
------------------------

Iteración 5
-----------
Abiertos = (7, 5), (4, 2), (8, 4), (8, 3), (8, 2), (6, 4), (7, 1), (6, 1), (5, 1)
Cerrados = (5, 2), (6, 2), (7, 2), (7, 3), (7, 4)
------------------------

Iteración 6
-----------
Abiertos = (7, 6), (4, 2), (8, 5), (8, 4), (8, 3), (8, 2), (6, 5), (6, 4), (7, 1), (6, 1), (5, 1)
Cerrados = (5, 2), (6, 2), (7, 2), (7, 3), (7, 4), (7, 5)
------------------------

Iteración 7
-----------
Abiertos = (7, 7), (4, 2), (8, 6), (8, 5), (8, 4), (8, 3), (8, 2), (6, 5), (6, 4), (7, 1), (6, 1), (5, 1)
Cerrados = (5, 2), (6, 2), (7, 2), (7, 3), (7, 4), (7, 5), (7, 6)
------------------------

Iteración 8
-----------
Abiertos = (7, 8), (6, 7), (4, 2), (8, 7), (8, 6), (8, 5), (8, 4), (8, 3), (8, 2), (6, 5), (6, 4), (7, 1), (6, 1), (5, 1)
Cerrados = (5, 2), (6, 2), (7, 2), (7, 3), (7, 4), (7, 5), (7, 6), (7, 7)
------------------------

Iteración 9
-----------
Abiertos = (6, 8), (6, 7), (4, 2), (7, 9), (8, 8), (8, 7), (8, 6), (8, 5), (8, 4), (8, 3), (8, 2), (6, 5), (6, 4), (7, 1), (6, 1), (5, 1)
Cerrados = (5, 2), (6, 2), (7, 2), (7, 3), (7, 4), (7, 5), (7, 6), (7, 7), (7, 8)
------------------------

Iteración 10
-----------
Abiertos = (6, 7), (4, 2), (7, 9), (8, 8), (8, 7), (8, 6), (8, 5), (8, 4), (8, 3), (8, 2), (6, 5), (6, 4), (5, 8), (6, 9), (7, 1), (6, 1), (5, 1)
Cerrados = (5, 2), (6, 2), (7, 2), (7, 3), (7, 4), (7, 5), (7, 6), (7, 7), (7, 8), (6, 8)
------------------------

Iteración 11
-----------
Abiertos = (4, 2), (7, 9), (8, 8), (8, 7), (8, 6), (8, 5), (8, 4), (8, 3), (8, 2), (6, 5), (6, 4), (5, 8), (5, 7), (6, 9), (7, 1), (6, 1), (5, 1)
Cerrados = (5, 2), (6, 2), (7, 2), (7, 3), (7, 4), (7, 5), (7, 6), (7, 7), (7, 8), (6, 8), (6, 7)
------------------------

Iteración 12
-----------
Abiertos = (7, 9), (8, 8), (8, 7), (8, 6), (8, 5), (8, 4), (8, 3), (8, 2), (6, 5), (6, 4), (5, 8), (5, 7), (3, 2), (6, 9), (7, 1), (6, 1), (5, 1), (4, 1)
Cerrados = (5, 2), (6, 2), (7, 2), (7, 3), (7, 4), (7, 5), (7, 6), (7, 7), (7, 8), (6, 8), (6, 7), (4, 2)
------------------------

Iteración 13
-----------
Abiertos = (8, 8), (8, 7), (8, 6), (8, 5), (8, 4), (8, 3), (8, 2), (6, 5), (6, 4), (5, 8), (5, 7), (3, 2), (6, 9), (7, 10), (7, 1), (6, 1), (5, 1), (8, 9), (4, 1)
Cerrados = (5, 2), (6, 2), (7, 2), (7, 3), (7, 4), (7, 5), (7, 6), (7, 7), (7, 8), (6, 8), (6, 7), (4, 2), (7, 9)
------------------------

Iteración 14
-----------
Abiertos = (9, 8), (8, 7), (8, 6), (8, 5), (8, 4), (8, 3), (8, 2), (6, 5), (6, 4), (5, 8), (5, 7), (3, 2), (6, 9), (7, 10), (7, 1), (6, 1), (5, 1), (8, 9), (4, 1)
Cerrados = (5, 2), (6, 2), (7, 2), (7, 3), (7, 4), (7, 5), (7, 6), (7, 7), (7, 8), (6, 8), (6, 7), (4, 2), (7, 9), (8, 8)
------------------------

Iteración 15
-----------
Abiertos = (9, 9), (8, 7), (8, 6), (8, 5), (8, 4), (8, 3), (8, 2), (6, 5), (6, 4), (5, 8), (5, 7), (3, 2), (9, 7), (6, 9), (7, 10), (7, 1), (6, 1), (5, 1), (8, 9), (4, 1)
Cerrados = (5, 2), (6, 2), (7, 2), (7, 3), (7, 4), (7, 5), (7, 6), (7, 7), (7, 8), (6, 8), (6, 7), (4, 2), (7, 9), (8, 8), (9, 8)
------------------------

-----¡CAMINO ENCONTRADO!-----

Camino: (5, 2) -> (6, 2) -> (7, 2) -> (7, 3) -> (7, 4) -> (7, 5) -> (7, 6) -> (7, 7) -> (7, 8) -> (8, 8) -> (9, 8) -> (9, 9)
Coste: 28
