Iteración 0
-----------
Abiertos = (2, 2)
Cerrados = 
------------------------

Iteración 1
-----------
Abiertos = (2, 3), (3, 2), (1, 2), (2, 1)
Cerrados = (2, 2)
------------------------

Iteración 2
-----------
Abiertos = (2, 4), (3, 3), (3, 2), (1, 3), (1, 2), (2, 1)
Cerrados = (2, 2), (2, 3)
------------------------

Iteración 3
-----------
Abiertos = (3, 4), (3, 3), (3, 2), (1, 4), (1, 3), (1, 2), (2, 1), (2, 5)
Cerrados = (2, 2), (2, 3), (2, 4)
------------------------

Iteración 4
-----------
Abiertos = (4, 4), (3, 3), (3, 2), (1, 4), (1, 3), (1, 2), (2, 1), (3, 5), (2, 5)
Cerrados = (2, 2), (2, 3), (2, 4), (3, 4)
------------------------

Iteración 5
-----------
Abiertos = (5, 4), (3, 3), (3, 2), (4, 3), (1, 4), (1, 3), (1, 2), (2, 1), (4, 5), (3, 5), (2, 5)
Cerrados = (2, 2), (2, 3), (2, 4), (3, 4), (4, 4)
------------------------

Iteración 6
-----------
Abiertos = (6, 4), (3, 3), (3, 2), (5, 3), (4, 3), (1, 4), (1, 3), (1, 2), (2, 1), (5, 5), (4, 5), (3, 5), (2, 5)
Cerrados = (2, 2), (2, 3), (2, 4), (3, 4), (4, 4), (5, 4)
------------------------

Iteración 7
-----------
Abiertos = (7, 4), (3, 3), (3, 2), (6, 3), (5, 3), (4, 3), (1, 4), (1, 3), (1, 2), (2, 1), (6, 5), (5, 5), (4, 5), (3, 5), (2, 5)
Cerrados = (2, 2), (2, 3), (2, 4), (3, 4), (4, 4), (5, 4), (6, 4)
------------------------

Iteración 8
-----------
Abiertos = (7, 5), (3, 3), (3, 2), (7, 3), (8, 4), (6, 3), (5, 3), (4, 3), (1, 4), (1, 3), (1, 2), (2, 1), (6, 5), (5, 5), (4, 5), (3, 5), (2, 5)
Cerrados = (2, 2), (2, 3), (2, 4), (3, 4), (4, 4), (5, 4), (6, 4), (7, 4)
------------------------

Iteración 9
-----------
Abiertos = (7, 6), (3, 3), (3, 2), (8, 5), (7, 3), (8, 4), (6, 3), (5, 3), (4, 3), (1, 4), (1, 3), (1, 2), (2, 1), (6, 5), (5, 5), (4, 5), (3, 5), (2, 5)
Cerrados = (2, 2), (2, 3), (2, 4), (3, 4), (4, 4), (5, 4), (6, 4), (7, 4), (7, 5)
------------------------

Iteración 10
-----------
Abiertos = (7, 7), (3, 3), (3, 2), (8, 6), (8, 5), (7, 3), (8, 4), (6, 3), (5, 3), (4, 3), (1, 4), (1, 3), (1, 2), (2, 1), (6, 5), (5, 5), (4, 5), (3, 5), (2, 5), (6, 6)
Cerrados = (2, 2), (2, 3), (2, 4), (3, 4), (4, 4), (5, 4), (6, 4), (7, 4), (7, 5), (7, 6)
------------------------

Iteración 11
-----------
Abiertos = (7, 8), (3, 3), (3, 2), (8, 7), (8, 6), (8, 5), (7, 3), (8, 4), (6, 3), (5, 3), (4, 3), (1, 4), (1, 3), (1, 2), (2, 1), (6, 5), (5, 5), (4, 5), (3, 5), (2, 5), (6, 7), (6, 6)
Cerrados = (2, 2), (2, 3), (2, 4), (3, 4), (4, 4), (5, 4), (6, 4), (7, 4), (7, 5), (7, 6), (7, 7)
------------------------

-----¡CAMINO ENCONTRADO!-----

Camino: (2, 2) -> (2, 3) -> (2, 4) -> (3, 4) -> (4, 4) -> (5, 4) -> (6, 4) -> (7, 4) -> (7, 5) -> (7, 6) -> (7, 7) -> (7, 8)
Coste: 22
