Iteración 0
-----------
Abiertos = (1, 1)
Cerrados = 
------------------------

Iteración 1
-----------
Abiertos = (1, 2), (2, 1), (0, 1), (1, 0)
Cerrados = (1, 1)
------------------------

Iteración 2
-----------
Abiertos = (2, 1), (0, 1), (1, 0), (1, 3), (2, 2), (0, 2)
Cerrados = (1, 1), (1, 2)
------------------------

Iteración 3
-----------
Abiertos = (0, 1), (1, 0), (1, 3), (2, 2), (3, 1), (0, 2), (2, 0)
Cerrados = (1, 1), (1, 2), (2, 1)
------------------------

Iteración 4
-----------
Abiertos = (1, 0), (1, 3), (2, 2), (3, 1), (0, 2), (2, 0), (0, 0)
Cerrados = (1, 1), (1, 2), (2, 1), (0, 1)
------------------------

Iteración 5
-----------
Abiertos = (1, 3), (2, 2), (3, 1), (0, 2), (2, 0), (0, 0)
Cerrados = (1, 1), (1, 2), (2, 1), (0, 1), (1, 0)
------------------------

Iteración 6
-----------
Abiertos = (2, 2), (3, 1), (0, 2), (2, 0), (0, 0), (1, 4), (2, 3), (0, 3)
Cerrados = (1, 1), (1, 2), (2, 1), (0, 1), (1, 0), (1, 3)
------------------------

Iteración 7
-----------
Abiertos = (3, 1), (0, 2), (2, 0), (0, 0), (1, 4), (2, 3), (3, 2), (0, 3)
Cerrados = (1, 1), (1, 2), (2, 1), (0, 1), (1, 0), (1, 3), (2, 2)
------------------------

Iteración 8
-----------
Abiertos = (0, 2), (2, 0), (0, 0), (1, 4), (2, 3), (3, 2), (4, 1), (3, 0), (0, 3)
Cerrados = (1, 1), (1, 2), (2, 1), (0, 1), (1, 0), (1, 3), (2, 2), (3, 1)
------------------------

Iteración 9
-----------
Abiertos = (2, 0), (0, 0), (1, 4), (2, 3), (3, 2), (4, 1), (3, 0), (0, 3)
Cerrados = (1, 1), (1, 2), (2, 1), (0, 1), (1, 0), (1, 3), (2, 2), (3, 1), (0, 2)
------------------------

Iteración 10
-----------
Abiertos = (0, 0), (1, 4), (2, 3), (3, 2), (4, 1), (3, 0), (0, 3)
Cerrados = (1, 1), (1, 2), (2, 1), (0, 1), (1, 0), (1, 3), (2, 2), (3, 1), (0, 2), (2, 0)
------------------------

Iteración 11
-----------
Abiertos = (1, 4), (2, 3), (3, 2), (4, 1), (3, 0), (0, 3)
Cerrados = (1, 1), (1, 2), (2, 1), (0, 1), (1, 0), (1, 3), (2, 2), (3, 1), (0, 2), (2, 0), (0, 0)
------------------------

Iteración 12
-----------
Abiertos = (2, 3), (3, 2), (4, 1), (3, 0), (0, 3), (1, 5), (2, 4), (0, 4)
Cerrados = (1, 1), (1, 2), (2, 1), (0, 1), (1, 0), (1, 3), (2, 2), (3, 1), (0, 2), (2, 0), (0, 0), (1, 4)
------------------------

Iteración 13
-----------
Abiertos = (3, 2), (4, 1), (3, 0), (0, 3), (1, 5), (2, 4), (0, 4)
Cerrados = (1, 1), (1, 2), (2, 1), (0, 1), (1, 0), (1, 3), (2, 2), (3, 1), (0, 2), (2, 0), (0, 0), (1, 4), (2, 3)
------------------------

Iteración 14
-----------
Abiertos = (4, 2), (4, 1), (3, 0), (0, 3), (1, 5), (2, 4), (0, 4)
Cerrados = (1, 1), (1, 2), (2, 1), (0, 1), (1, 0), (1, 3), (2, 2), (3, 1), (0, 2), (2, 0), (0, 0), (1, 4), (2, 3), (3, 2)
------------------------

Iteración 15
-----------
Abiertos = (5, 2), (4, 1), (3, 0), (0, 3), (1, 5), (2, 4), (0, 4)
Cerrados = (1, 1), (1, 2), (2, 1), (0, 1), (1, 0), (1, 3), (2, 2), (3, 1), (0, 2), (2, 0), (0, 0), (1, 4), (2, 3), (3, 2), (4, 2)
------------------------

Iteración 16
-----------
Abiertos = (6, 2), (4, 1), (3, 0), (0, 3), (1, 5), (2, 4), (5, 1), (0, 4)
Cerrados = (1, 1), (1, 2), (2, 1), (0, 1), (1, 0), (1, 3), (2, 2), (3, 1), (0, 2), (2, 0), (0, 0), (1, 4), (2, 3), (3, 2), (4, 2), (5, 2)
------------------------

Iteración 17
-----------
Abiertos = (7, 2), (4, 1), (3, 0), (0, 3), (1, 5), (2, 4), (6, 1), (5, 1), (0, 4)
Cerrados = (1, 1), (1, 2), (2, 1), (0, 1), (1, 0), (1, 3), (2, 2), (3, 1), (0, 2), (2, 0), (0, 0), (1, 4), (2, 3), (3, 2), (4, 2), (5, 2), (6, 2)
------------------------

Iteración 18
-----------
Abiertos = (8, 2), (4, 1), (3, 0), (7, 3), (0, 3), (1, 5), (2, 4), (7, 1), (6, 1), (5, 1), (0, 4)
Cerrados = (1, 1), (1, 2), (2, 1), (0, 1), (1, 0), (1, 3), (2, 2), (3, 1), (0, 2), (2, 0), (0, 0), (1, 4), (2, 3), (3, 2), (4, 2), (5, 2), (6, 2), (7, 2)
------------------------

Iteración 19
-----------
Abiertos = (4, 1), (3, 0), (8, 3), (7, 3), (8, 1), (9, 2), (0, 3), (1, 5), (2, 4), (7, 1), (6, 1), (5, 1), (0, 4)
Cerrados = (1, 1), (1, 2), (2, 1), (0, 1), (1, 0), (1, 3), (2, 2), (3, 1), (0, 2), (2, 0), (0, 0), (1, 4), (2, 3), (3, 2), (4, 2), (5, 2), (6, 2), (7, 2), (8, 2)
------------------------

Iteración 20
-----------
Abiertos = (3, 0), (8, 3), (7, 3), (8, 1), (9, 2), (4, 0), (0, 3), (1, 5), (2, 4), (7, 1), (6, 1), (5, 1), (0, 4)
Cerrados = (1, 1), (1, 2), (2, 1), (0, 1), (1, 0), (1, 3), (2, 2), (3, 1), (0, 2), (2, 0), (0, 0), (1, 4), (2, 3), (3, 2), (4, 2), (5, 2), (6, 2), (7, 2), (8, 2), (4, 1)
------------------------

Iteración 21
-----------
Abiertos = (8, 3), (7, 3), (8, 1), (9, 2), (4, 0), (0, 3), (1, 5), (2, 4), (7, 1), (6, 1), (5, 1), (0, 4)
Cerrados = (1, 1), (1, 2), (2, 1), (0, 1), (1, 0), (1, 3), (2, 2), (3, 1), (0, 2), (2, 0), (0, 0), (1, 4), (2, 3), (3, 2), (4, 2), (5, 2), (6, 2), (7, 2), (8, 2), (4, 1), (3, 0)
------------------------

Iteración 22
-----------
Abiertos = (7, 3), (8, 1), (9, 2), (4, 0), (0, 3), (8, 4), (1, 5), (2, 4), (9, 3), (7, 1), (6, 1), (5, 1), (0, 4)
Cerrados = (1, 1), (1, 2), (2, 1), (0, 1), (1, 0), (1, 3), (2, 2), (3, 1), (0, 2), (2, 0), (0, 0), (1, 4), (2, 3), (3, 2), (4, 2), (5, 2), (6, 2), (7, 2), (8, 2), (4, 1), (3, 0), (8, 3)
------------------------

Iteración 23
-----------
Abiertos = (8, 1), (9, 2), (4, 0), (0, 3), (8, 4), (7, 4), (1, 5), (2, 4), (9, 3), (7, 1), (6, 1), (5, 1), (0, 4)
Cerrados = (1, 1), (1, 2), (2, 1), (0, 1), (1, 0), (1, 3), (2, 2), (3, 1), (0, 2), (2, 0), (0, 0), (1, 4), (2, 3), (3, 2), (4, 2), (5, 2), (6, 2), (7, 2), (8, 2), (4, 1), (3, 0), (8, 3), (7, 3)
------------------------

Iteración 24
-----------
Abiertos = (9, 2), (4, 0), (0, 3), (8, 4), (7, 4), (1, 5), (2, 4), (9, 3), (7, 1), (6, 1), (5, 1), (0, 4), (8, 0), (9, 1)
Cerrados = (1, 1), (1, 2), (2, 1), (0, 1), (1, 0), (1, 3), (2, 2), (3, 1), (0, 2), (2, 0), (0, 0), (1, 4), (2, 3), (3, 2), (4, 2), (5, 2), (6, 2), (7, 2), (8, 2), (4, 1), (3, 0), (8, 3), (7, 3), (8, 1)
------------------------

Iteración 25
-----------
Abiertos = (4, 0), (0, 3), (8, 4), (7, 4), (1, 5), (2, 4), (9, 3), (7, 1), (6, 1), (5, 1), (0, 4), (8, 0), (9, 1)
Cerrados = (1, 1), (1, 2), (2, 1), (0, 1), (1, 0), (1, 3), (2, 2), (3, 1), (0, 2), (2, 0), (0, 0), (1, 4), (2, 3), (3, 2), (4, 2), (5, 2), (6, 2), (7, 2), (8, 2), (4, 1), (3, 0), (8, 3), (7, 3), (8, 1), (9, 2)
------------------------

Iteración 26
-----------
Abiertos = (5, 0), (0, 3), (8, 4), (7, 4), (1, 5), (2, 4), (9, 3), (7, 1), (6, 1), (5, 1), (0, 4), (8, 0), (9, 1)
Cerrados = (1, 1), (1, 2), (2, 1), (0, 1), (1, 0), (1, 3), (2, 2), (3, 1), (0, 2), (2, 0), (0, 0), (1, 4), (2, 3), (3, 2), (4, 2), (5, 2), (6, 2), (7, 2), (8, 2), (4, 1), (3, 0), (8, 3), (7, 3), (8, 1), (9, 2), (4, 0)
------------------------

Iteración 27
-----------
Abiertos = (6, 0), (0, 3), (8, 4), (7, 4), (1, 5), (2, 4), (9, 3), (7, 1), (6, 1), (5, 1), (0, 4), (8, 0), (9, 1)
Cerrados = (1, 1), (1, 2), (2, 1), (0, 1), (1, 0), (1, 3), (2, 2), (3, 1), (0, 2), (2, 0), (0, 0), (1, 4), (2, 3), (3, 2), (4, 2), (5, 2), (6, 2), (7, 2), (8, 2), (4, 1), (3, 0), (8, 3), (7, 3), (8, 1), (9, 2), (4, 0), (5, 0)
------------------------

Iteración 28
-----------
Abiertos = (7, 0), (0, 3), (8, 4), (7, 4), (1, 5), (2, 4), (9, 3), (7, 1), (6, 1), (5, 1), (0, 4), (8, 0), (9, 1)
Cerrados = (1, 1), (1, 2), (2, 1), (0, 1), (1, 0), (1, 3), (2, 2), (3, 1), (0, 2), (2, 0), (0, 0), (1, 4), (2, 3), (3, 2), (4, 2), (5, 2), (6, 2), (7, 2), (8, 2), (4, 1), (3, 0), (8, 3), (7, 3), (8, 1), (9, 2), (4, 0), (5, 0), (6, 0)
------------------------

Iteración 29
-----------
Abiertos = (0, 3), (8, 4), (7, 4), (1, 5), (2, 4), (9, 3), (7, 1), (6, 1), (5, 1), (0, 4), (8, 0), (9, 1)
Cerrados = (1, 1), (1, 2), (2, 1), (0, 1), (1, 0), (1, 3), (2, 2), (3, 1), (0, 2), (2, 0), (0, 0), (1, 4), (2, 3), (3, 2), (4, 2), (5, 2), (6, 2), (7, 2), (8, 2), (4, 1), (3, 0), (8, 3), (7, 3), (8, 1), (9, 2), (4, 0), (5, 0), (6, 0), (7, 0)
------------------------

Iteración 30
-----------
Abiertos = (8, 4), (7, 4), (1, 5), (2, 4), (9, 3), (7, 1), (6, 1), (5, 1), (0, 4), (8, 0), (9, 1)
Cerrados = (1, 1), (1, 2), (2, 1), (0, 1), (1, 0), (1, 3), (2, 2), (3, 1), (0, 2), (2, 0), (0, 0), (1, 4), (2, 3), (3, 2), (4, 2), (5, 2), (6, 2), (7, 2), (8, 2), (4, 1), (3, 0), (8, 3), (7, 3), (8, 1), (9, 2), (4, 0), (5, 0), (6, 0), (7, 0), (0, 3)
------------------------

Iteración 31
-----------
Abiertos = (7, 4), (1, 5), (2, 4), (9, 3), (7, 1), (6, 1), (5, 1), (0, 4), (8, 0), (9, 1), (8, 5), (9, 4)
Cerrados = (1, 1), (1, 2), (2, 1), (0, 1), (1, 0), (1, 3), (2, 2), (3, 1), (0, 2), (2, 0), (0, 0), (1, 4), (2, 3), (3, 2), (4, 2), (5, 2), (6, 2), (7, 2), (8, 2), (4, 1), (3, 0), (8, 3), (7, 3), (8, 1), (9, 2), (4, 0), (5, 0), (6, 0), (7, 0), (0, 3), (8, 4)
------------------------

Iteración 32
-----------
Abiertos = (1, 5), (2, 4), (9, 3), (7, 1), (6, 1), (5, 1), (0, 4), (8, 0), (9, 1), (8, 5), (7, 5), (9, 4), (6, 4)
Cerrados = (1, 1), (1, 2), (2, 1), (0, 1), (1, 0), (1, 3), (2, 2), (3, 1), (0, 2), (2, 0), (0, 0), (1, 4), (2, 3), (3, 2), (4, 2), (5, 2), (6, 2), (7, 2), (8, 2), (4, 1), (3, 0), (8, 3), (7, 3), (8, 1), (9, 2), (4, 0), (5, 0), (6, 0), (7, 0), (0, 3), (8, 4), (7, 4)
------------------------

Iteración 33
-----------
Abiertos = (2, 4), (9, 3), (7, 1), (6, 1), (5, 1), (0, 4), (8, 0), (9, 1), (8, 5), (7, 5), (9, 4), (1, 6), (2, 5), (6, 4), (0, 5)
Cerrados = (1, 1), (1, 2), (2, 1), (0, 1), (1, 0), (1, 3), (2, 2), (3, 1), (0, 2), (2, 0), (0, 0), (1, 4), (2, 3), (3, 2), (4, 2), (5, 2), (6, 2), (7, 2), (8, 2), (4, 1), (3, 0), (8, 3), (7, 3), (8, 1), (9, 2), (4, 0), (5, 0), (6, 0), (7, 0), (0, 3), (8, 4), (7, 4), (1, 5)
------------------------

Iteración 34
-----------
Abiertos = (9, 3), (7, 1), (6, 1), (5, 1), (0, 4), (8, 0), (9, 1), (8, 5), (7, 5), (9, 4), (1, 6), (2, 5), (6, 4), (0, 5)
Cerrados = (1, 1), (1, 2), (2, 1), (0, 1), (1, 0), (1, 3), (2, 2), (3, 1), (0, 2), (2, 0), (0, 0), (1, 4), (2, 3), (3, 2), (4, 2), (5, 2), (6, 2), (7, 2), (8, 2), (4, 1), (3, 0), (8, 3), (7, 3), (8, 1), (9, 2), (4, 0), (5, 0), (6, 0), (7, 0), (0, 3), (8, 4), (7, 4), (1, 5), (2, 4)
------------------------

Iteración 35
-----------
Abiertos = (7, 1), (6, 1), (5, 1), (0, 4), (8, 0), (9, 1), (8, 5), (7, 5), (9, 4), (1, 6), (2, 5), (6, 4), (0, 5)
Cerrados = (1, 1), (1, 2), (2, 1), (0, 1), (1, 0), (1, 3), (2, 2), (3, 1), (0, 2), (2, 0), (0, 0), (1, 4), (2, 3), (3, 2), (4, 2), (5, 2), (6, 2), (7, 2), (8, 2), (4, 1), (3, 0), (8, 3), (7, 3), (8, 1), (9, 2), (4, 0), (5, 0), (6, 0), (7, 0), (0, 3), (8, 4), (7, 4), (1, 5), (2, 4), (9, 3)
------------------------

Iteración 36
-----------
Abiertos = (6, 1), (5, 1), (0, 4), (8, 0), (9, 1), (8, 5), (7, 5), (9, 4), (1, 6), (2, 5), (6, 4), (0, 5)
Cerrados = (1, 1), (1, 2), (2, 1), (0, 1), (1, 0), (1, 3), (2, 2), (3, 1), (0, 2), (2, 0), (0, 0), (1, 4), (2, 3), (3, 2), (4, 2), (5, 2), (6, 2), (7, 2), (8, 2), (4, 1), (3, 0), (8, 3), (7, 3), (8, 1), (9, 2), (4, 0), (5, 0), (6, 0), (7, 0), (0, 3), (8, 4), (7, 4), (1, 5), (2, 4), (9, 3), (7, 1)
------------------------

Iteración 37
-----------
Abiertos = (5, 1), (0, 4), (8, 0), (9, 1), (8, 5), (7, 5), (9, 4), (1, 6), (2, 5), (6, 4), (0, 5)
Cerrados = (1, 1), (1, 2), (2, 1), (0, 1), (1, 0), (1, 3), (2, 2), (3, 1), (0, 2), (2, 0), (0, 0), (1, 4), (2, 3), (3, 2), (4, 2), (5, 2), (6, 2), (7, 2), (8, 2), (4, 1), (3, 0), (8, 3), (7, 3), (8, 1), (9, 2), (4, 0), (5, 0), (6, 0), (7, 0), (0, 3), (8, 4), (7, 4), (1, 5), (2, 4), (9, 3), (7, 1), (6, 1)
------------------------

Iteración 38
-----------
Abiertos = (0, 4), (8, 0), (9, 1), (8, 5), (7, 5), (9, 4), (1, 6), (2, 5), (6, 4), (0, 5)
Cerrados = (1, 1), (1, 2), (2, 1), (0, 1), (1, 0), (1, 3), (2, 2), (3, 1), (0, 2), (2, 0), (0, 0), (1, 4), (2, 3), (3, 2), (4, 2), (5, 2), (6, 2), (7, 2), (8, 2), (4, 1), (3, 0), (8, 3), (7, 3), (8, 1), (9, 2), (4, 0), (5, 0), (6, 0), (7, 0), (0, 3), (8, 4), (7, 4), (1, 5), (2, 4), (9, 3), (7, 1), (6, 1), (5, 1)
------------------------

Iteración 39
-----------
Abiertos = (8, 0), (9, 1), (8, 5), (7, 5), (9, 4), (1, 6), (2, 5), (6, 4), (0, 5)
Cerrados = (1, 1), (1, 2), (2, 1), (0, 1), (1, 0), (1, 3), (2, 2), (3, 1), (0, 2), (2, 0), (0, 0), (1, 4), (2, 3), (3, 2), (4, 2), (5, 2), (6, 2), (7, 2), (8, 2), (4, 1), (3, 0), (8, 3), (7, 3), (8, 1), (9, 2), (4, 0), (5, 0), (6, 0), (7, 0), (0, 3), (8, 4), (7, 4), (1, 5), (2, 4), (9, 3), (7, 1), (6, 1), (5, 1), (0, 4)
------------------------

Iteración 40
-----------
Abiertos = (9, 1), (8, 5), (7, 5), (9, 4), (1, 6), (2, 5), (9, 0), (6, 4), (0, 5)
Cerrados = (1, 1), (1, 2), (2, 1), (0, 1), (1, 0), (1, 3), (2, 2), (3, 1), (0, 2), (2, 0), (0, 0), (1, 4), (2, 3), (3, 2), (4, 2), (5, 2), (6, 2), (7, 2), (8, 2), (4, 1), (3, 0), (8, 3), (7, 3), (8, 1), (9, 2), (4, 0), (5, 0), (6, 0), (7, 0), (0, 3), (8, 4), (7, 4), (1, 5), (2, 4), (9, 3), (7, 1), (6, 1), (5, 1), (0, 4), (8, 0)
------------------------

Iteración 41
-----------
Abiertos = (8, 5), (7, 5), (9, 4), (1, 6), (2, 5), (9, 0), (6, 4), (0, 5)
Cerrados = (1, 1), (1, 2), (2, 1), (0, 1), (1, 0), (1, 3), (2, 2), (3, 1), (0, 2), (2, 0), (0, 0), (1, 4), (2, 3), (3, 2), (4, 2), (5, 2), (6, 2), (7, 2), (8, 2), (4, 1), (3, 0), (8, 3), (7, 3), (8, 1), (9, 2), (4, 0), (5, 0), (6, 0), (7, 0), (0, 3), (8, 4), (7, 4), (1, 5), (2, 4), (9, 3), (7, 1), (6, 1), (5, 1), (0, 4), (8, 0), (9, 1)
------------------------

Iteración 42
-----------
Abiertos = (7, 5), (9, 4), (8, 6), (1, 6), (2, 5), (9, 0), (9, 5), (6, 4), (0, 5)
Cerrados = (1, 1), (1, 2), (2, 1), (0, 1), (1, 0), (1, 3), (2, 2), (3, 1), (0, 2), (2, 0), (0, 0), (1, 4), (2, 3), (3, 2), (4, 2), (5, 2), (6, 2), (7, 2), (8, 2), (4, 1), (3, 0), (8, 3), (7, 3), (8, 1), (9, 2), (4, 0), (5, 0), (6, 0), (7, 0), (0, 3), (8, 4), (7, 4), (1, 5), (2, 4), (9, 3), (7, 1), (6, 1), (5, 1), (0, 4), (8, 0), (9, 1), (8, 5)
------------------------

Iteración 43
-----------
Abiertos = (9, 4), (8, 6), (7, 6), (1, 6), (2, 5), (9, 0), (9, 5), (6, 4), (0, 5)
Cerrados = (1, 1), (1, 2), (2, 1), (0, 1), (1, 0), (1, 3), (2, 2), (3, 1), (0, 2), (2, 0), (0, 0), (1, 4), (2, 3), (3, 2), (4, 2), (5, 2), (6, 2), (7, 2), (8, 2), (4, 1), (3, 0), (8, 3), (7, 3), (8, 1), (9, 2), (4, 0), (5, 0), (6, 0), (7, 0), (0, 3), (8, 4), (7, 4), (1, 5), (2, 4), (9, 3), (7, 1), (6, 1), (5, 1), (0, 4), (8, 0), (9, 1), (8, 5), (7, 5)
------------------------

Iteración 44
-----------
Abiertos = (8, 6), (7, 6), (1, 6), (2, 5), (9, 0), (9, 5), (6, 4), (0, 5)
Cerrados = (1, 1), (1, 2), (2, 1), (0, 1), (1, 0), (1, 3), (2, 2), (3, 1), (0, 2), (2, 0), (0, 0), (1, 4), (2, 3), (3, 2), (4, 2), (5, 2), (6, 2), (7, 2), (8, 2), (4, 1), (3, 0), (8, 3), (7, 3), (8, 1), (9, 2), (4, 0), (5, 0), (6, 0), (7, 0), (0, 3), (8, 4), (7, 4), (1, 5), (2, 4), (9, 3), (7, 1), (6, 1), (5, 1), (0, 4), (8, 0), (9, 1), (8, 5), (7, 5), (9, 4)
------------------------

Iteración 45
-----------
Abiertos = (7, 6), (1, 6), (2, 5), (9, 0), (9, 5), (6, 4), (0, 5), (8, 7), (9, 6)
Cerrados = (1, 1), (1, 2), (2, 1), (0, 1), (1, 0), (1, 3), (2, 2), (3, 1), (0, 2), (2, 0), (0, 0), (1, 4), (2, 3), (3, 2), (4, 2), (5, 2), (6, 2), (7, 2), (8, 2), (4, 1), (3, 0), (8, 3), (7, 3), (8, 1), (9, 2), (4, 0), (5, 0), (6, 0), (7, 0), (0, 3), (8, 4), (7, 4), (1, 5), (2, 4), (9, 3), (7, 1), (6, 1), (5, 1), (0, 4), (8, 0), (9, 1), (8, 5), (7, 5), (9, 4), (8, 6)
------------------------

Iteración 46
-----------
Abiertos = (1, 6), (2, 5), (9, 0), (9, 5), (6, 4), (0, 5), (8, 7), (7, 7), (9, 6), (6, 6)
Cerrados = (1, 1), (1, 2), (2, 1), (0, 1), (1, 0), (1, 3), (2, 2), (3, 1), (0, 2), (2, 0), (0, 0), (1, 4), (2, 3), (3, 2), (4, 2), (5, 2), (6, 2), (7, 2), (8, 2), (4, 1), (3, 0), (8, 3), (7, 3), (8, 1), (9, 2), (4, 0), (5, 0), (6, 0), (7, 0), (0, 3), (8, 4), (7, 4), (1, 5), (2, 4), (9, 3), (7, 1), (6, 1), (5, 1), (0, 4), (8, 0), (9, 1), (8, 5), (7, 5), (9, 4), (8, 6), (7, 6)
------------------------

Iteración 47
-----------
Abiertos = (2, 5), (9, 0), (9, 5), (6, 4), (0, 5), (8, 7), (7, 7), (9, 6), (1, 7), (2, 6), (6, 6), (0, 6)
Cerrados = (1, 1), (1, 2), (2, 1), (0, 1), (1, 0), (1, 3), (2, 2), (3, 1), (0, 2), (2, 0), (0, 0), (1, 4), (2, 3), (3, 2), (4, 2), (5, 2), (6, 2), (7, 2), (8, 2), (4, 1), (3, 0), (8, 3), (7, 3), (8, 1), (9, 2), (4, 0), (5, 0), (6, 0), (7, 0), (0, 3), (8, 4), (7, 4), (1, 5), (2, 4), (9, 3), (7, 1), (6, 1), (5, 1), (0, 4), (8, 0), (9, 1), (8, 5), (7, 5), (9, 4), (8, 6), (7, 6), (1, 6)
------------------------

Iteración 48
-----------
Abiertos = (9, 0), (9, 5), (6, 4), (0, 5), (8, 7), (7, 7), (9, 6), (1, 7), (2, 6), (6, 6), (0, 6)
Cerrados = (1, 1), (1, 2), (2, 1), (0, 1), (1, 0), (1, 3), (2, 2), (3, 1), (0, 2), (2, 0), (0, 0), (1, 4), (2, 3), (3, 2), (4, 2), (5, 2), (6, 2), (7, 2), (8, 2), (4, 1), (3, 0), (8, 3), (7, 3), (8, 1), (9, 2), (4, 0), (5, 0), (6, 0), (7, 0), (0, 3), (8, 4), (7, 4), (1, 5), (2, 4), (9, 3), (7, 1), (6, 1), (5, 1), (0, 4), (8, 0), (9, 1), (8, 5), (7, 5), (9, 4), (8, 6), (7, 6), (1, 6), (2, 5)
------------------------

Iteración 49
-----------
Abiertos = (9, 5), (6, 4), (0, 5), (8, 7), (7, 7), (9, 6), (1, 7), (2, 6), (6, 6), (0, 6)
Cerrados = (1, 1), (1, 2), (2, 1), (0, 1), (1, 0), (1, 3), (2, 2), (3, 1), (0, 2), (2, 0), (0, 0), (1, 4), (2, 3), (3, 2), (4, 2), (5, 2), (6, 2), (7, 2), (8, 2), (4, 1), (3, 0), (8, 3), (7, 3), (8, 1), (9, 2), (4, 0), (5, 0), (6, 0), (7, 0), (0, 3), (8, 4), (7, 4), (1, 5), (2, 4), (9, 3), (7, 1), (6, 1), (5, 1), (0, 4), (8, 0), (9, 1), (8, 5), (7, 5), (9, 4), (8, 6), (7, 6), (1, 6), (2, 5), (9, 0)
------------------------

Iteración 50
-----------
Abiertos = (6, 4), (0, 5), (8, 7), (7, 7), (9, 6), (1, 7), (2, 6), (6, 6), (0, 6)
Cerrados = (1, 1), (1, 2), (2, 1), (0, 1), (1, 0), (1, 3), (2, 2), (3, 1), (0, 2), (2, 0), (0, 0), (1, 4), (2, 3), (3, 2), (4, 2), (5, 2), (6, 2), (7, 2), (8, 2), (4, 1), (3, 0), (8, 3), (7, 3), (8, 1), (9, 2), (4, 0), (5, 0), (6, 0), (7, 0), (0, 3), (8, 4), (7, 4), (1, 5), (2, 4), (9, 3), (7, 1), (6, 1), (5, 1), (0, 4), (8, 0), (9, 1), (8, 5), (7, 5), (9, 4), (8, 6), (7, 6), (1, 6), (2, 5), (9, 0), (9, 5)
------------------------

Iteración 51
-----------
Abiertos = (0, 5), (8, 7), (7, 7), (9, 6), (1, 7), (2, 6), (5, 4), (6, 6), (0, 6)
Cerrados = (1, 1), (1, 2), (2, 1), (0, 1), (1, 0), (1, 3), (2, 2), (3, 1), (0, 2), (2, 0), (0, 0), (1, 4), (2, 3), (3, 2), (4, 2), (5, 2), (6, 2), (7, 2), (8, 2), (4, 1), (3, 0), (8, 3), (7, 3), (8, 1), (9, 2), (4, 0), (5, 0), (6, 0), (7, 0), (0, 3), (8, 4), (7, 4), (1, 5), (2, 4), (9, 3), (7, 1), (6, 1), (5, 1), (0, 4), (8, 0), (9, 1), (8, 5), (7, 5), (9, 4), (8, 6), (7, 6), (1, 6), (2, 5), (9, 0), (9, 5), (6, 4)
------------------------

Iteración 52
-----------
Abiertos = (8, 7), (7, 7), (9, 6), (1, 7), (2, 6), (5, 4), (6, 6), (0, 6)
Cerrados = (1, 1), (1, 2), (2, 1), (0, 1), (1, 0), (1, 3), (2, 2), (3, 1), (0, 2), (2, 0), (0, 0), (1, 4), (2, 3), (3, 2), (4, 2), (5, 2), (6, 2), (7, 2), (8, 2), (4, 1), (3, 0), (8, 3), (7, 3), (8, 1), (9, 2), (4, 0), (5, 0), (6, 0), (7, 0), (0, 3), (8, 4), (7, 4), (1, 5), (2, 4), (9, 3), (7, 1), (6, 1), (5, 1), (0, 4), (8, 0), (9, 1), (8, 5), (7, 5), (9, 4), (8, 6), (7, 6), (1, 6), (2, 5), (9, 0), (9, 5), (6, 4), (0, 5)
------------------------

Iteración 53
-----------
Abiertos = (8, 8), (7, 7), (9, 6), (1, 7), (2, 6), (9, 7), (5, 4), (6, 6), (0, 6)
Cerrados = (1, 1), (1, 2), (2, 1), (0, 1), (1, 0), (1, 3), (2, 2), (3, 1), (0, 2), (2, 0), (0, 0), (1, 4), (2, 3), (3, 2), (4, 2), (5, 2), (6, 2), (7, 2), (8, 2), (4, 1), (3, 0), (8, 3), (7, 3), (8, 1), (9, 2), (4, 0), (5, 0), (6, 0), (7, 0), (0, 3), (8, 4), (7, 4), (1, 5), (2, 4), (9, 3), (7, 1), (6, 1), (5, 1), (0, 4), (8, 0), (9, 1), (8, 5), (7, 5), (9, 4), (8, 6), (7, 6), (1, 6), (2, 5), (9, 0), (9, 5), (6, 4), (0, 5), (8, 7)
------------------------

Iteración 54
-----------
Abiertos = (8, 9), (7, 7), (9, 6), (1, 7), (2, 6), (9, 8), (9, 7), (5, 4), (7, 8), (6, 6), (0, 6)
Cerrados = (1, 1), (1, 2), (2, 1), (0, 1), (1, 0), (1, 3), (2, 2), (3, 1), (0, 2), (2, 0), (0, 0), (1, 4), (2, 3), (3, 2), (4, 2), (5, 2), (6, 2), (7, 2), (8, 2), (4, 1), (3, 0), (8, 3), (7, 3), (8, 1), (9, 2), (4, 0), (5, 0), (6, 0), (7, 0), (0, 3), (8, 4), (7, 4), (1, 5), (2, 4), (9, 3), (7, 1), (6, 1), (5, 1), (0, 4), (8, 0), (9, 1), (8, 5), (7, 5), (9, 4), (8, 6), (7, 6), (1, 6), (2, 5), (9, 0), (9, 5), (6, 4), (0, 5), (8, 7), (8, 8)
------------------------

-----¡CAMINO ENCONTRADO!-----

Camino: (1, 1) -> (1, 2) -> (2, 2) -> (3, 2) -> (4, 2) -> (5, 2) -> (6, 2) -> (7, 2) -> (8, 2) -> (8, 3) -> (8, 4) -> (8, 5) -> (8, 6) -> (8, 7) -> (8, 8) -> (8, 9)
Coste: 54
