Iteración 0
-----------
Abiertos = (2, 1)
Cerrados = 
------------------------

Iteración 1
-----------
Abiertos = (2, 2), (3, 1), (2, 0)
Cerrados = (2, 1)
------------------------

Iteración 2
-----------
Abiertos = (3, 2), (3, 1), (2, 0), (1, 2)
Cerrados = (2, 1), (2, 2)
------------------------

Iteración 3
-----------
Abiertos = (4, 2), (3, 1), (2, 0), (1, 2)
Cerrados = (2, 1), (2, 2), (3, 2)
------------------------

Iteración 4
-----------
Abiertos = (5, 2), (3, 1), (2, 0), (1, 2)
Cerrados = (2, 1), (2, 2), (3, 2), (4, 2)
------------------------

Iteración 5
-----------
Abiertos = (5, 3), (3, 1), (5, 1), (2, 0), (1, 2)
Cerrados = (2, 1), (2, 2), (3, 2), (4, 2), (5, 2)
------------------------

Iteración 6
-----------
Abiertos = (5, 4), (3, 1), (5, 1), (2, 0), (1, 2)
Cerrados = (2, 1), (2, 2), (3, 2), (4, 2), (5, 2), (5, 3)
------------------------

Iteración 7
-----------
Abiertos = (6, 4), (3, 1), (4, 4), (5, 1), (2, 0), (1, 2)
Cerrados = (2, 1), (2, 2), (3, 2), (4, 2), (5, 2), (5, 3), (5, 4)
------------------------

Iteración 8
-----------
Abiertos = (6, 5), (7, 4), (3, 1), (4, 4), (5, 1), (2, 0), (1, 2)
Cerrados = (2, 1), (2, 2), (3, 2), (4, 2), (5, 2), (5, 3), (5, 4), (6, 4)
------------------------

Iteración 9
-----------
Abiertos = (7, 5), (7, 4), (3, 1), (6, 6), (4, 4), (5, 1), (2, 0), (1, 2)
Cerrados = (2, 1), (2, 2), (3, 2), (4, 2), (5, 2), (5, 3), (5, 4), (6, 4), (6, 5)
------------------------

Iteración 10
-----------
Abiertos = (7, 4), (3, 1), (7, 6), (8, 5), (6, 6), (4, 4), (5, 1), (2, 0), (1, 2)
Cerrados = (2, 1), (2, 2), (3, 2), (4, 2), (5, 2), (5, 3), (5, 4), (6, 4), (6, 5), (7, 5)
------------------------

Iteración 11
-----------
Abiertos = (3, 1), (7, 6), (8, 5), (6, 6), (8, 4), (7, 3), (4, 4), (5, 1), (2, 0), (1, 2)
Cerrados = (2, 1), (2, 2), (3, 2), (4, 2), (5, 2), (5, 3), (5, 4), (6, 4), (6, 5), (7, 5), (7, 4)
------------------------

Iteración 12
-----------
Abiertos = (7, 6), (8, 5), (6, 6), (8, 4), (7, 3), (4, 4), (5, 1), (3, 0), (2, 0), (1, 2)
Cerrados = (2, 1), (2, 2), (3, 2), (4, 2), (5, 2), (5, 3), (5, 4), (6, 4), (6, 5), (7, 5), (7, 4), (3, 1)
------------------------

Iteración 13
-----------
Abiertos = (7, 7), (8, 5), (6, 6), (8, 4), (7, 3), (4, 4), (5, 1), (3, 0), (2, 0), (8, 6), (1, 2)
Cerrados = (2, 1), (2, 2), (3, 2), (4, 2), (5, 2), (5, 3), (5, 4), (6, 4), (6, 5), (7, 5), (7, 4), (3, 1), (7, 6)
------------------------

Iteración 14
-----------
Abiertos = (8, 7), (8, 5), (6, 6), (8, 4), (7, 3), (4, 4), (5, 1), (3, 0), (2, 0), (7, 8), (8, 6), (6, 7), (1, 2)
Cerrados = (2, 1), (2, 2), (3, 2), (4, 2), (5, 2), (5, 3), (5, 4), (6, 4), (6, 5), (7, 5), (7, 4), (3, 1), (7, 6), (7, 7)
------------------------

Iteración 15
-----------
Abiertos = (8, 8), (9, 7), (8, 5), (6, 6), (8, 4), (7, 3), (4, 4), (5, 1), (3, 0), (2, 0), (7, 8), (8, 6), (6, 7), (1, 2)
Cerrados = (2, 1), (2, 2), (3, 2), (4, 2), (5, 2), (5, 3), (5, 4), (6, 4), (6, 5), (7, 5), (7, 4), (3, 1), (7, 6), (7, 7), (8, 7)
------------------------

Iteración 16
-----------
Abiertos = (8, 9), (9, 8), (9, 7), (8, 5), (6, 6), (8, 4), (7, 3), (4, 4), (5, 1), (3, 0), (2, 0), (7, 8), (8, 6), (6, 7), (1, 2)
Cerrados = (2, 1), (2, 2), (3, 2), (4, 2), (5, 2), (5, 3), (5, 4), (6, 4), (6, 5), (7, 5), (7, 4), (3, 1), (7, 6), (7, 7), (8, 7), (8, 8)
------------------------

Iteración 17
-----------
Abiertos = (9, 9), (9, 8), (9, 7), (8, 5), (6, 6), (8, 4), (7, 3), (4, 4), (5, 1), (3, 0), (2, 0), (7, 8), (8, 6), (8, 10), (6, 7), (1, 2), (7, 9)
Cerrados = (2, 1), (2, 2), (3, 2), (4, 2), (5, 2), (5, 3), (5, 4), (6, 4), (6, 5), (7, 5), (7, 4), (3, 1), (7, 6), (7, 7), (8, 7), (8, 8), (8, 9)
------------------------

-----¡CAMINO ENCONTRADO!-----

Camino: (2, 1) -> (2, 2) -> (3, 2) -> (4, 2) -> (5, 2) -> (5, 3) -> (5, 4) -> (6, 4) -> (6, 5) -> (7, 5) -> (7, 6) -> (7, 7) -> (8, 7) -> (8, 8) -> (8, 9) -> (9, 9)
Coste: 33
